Time P3114 A5334 A5335 A5016
Sampling rate [day] =  1.00000
Retrieving method =  last
Binning mode =  all
 2459945.5000200001522899      10.5510000000000002      -0.0083010800000000     -12.2052999999999994       0.0000000000000000
 2459946.5000200001522899      10.3751999999999995      -0.1203660000000000     -18.2740000000000009       0.0000000000000000
 2459947.5000200001522899      10.7269000000000005       0.0290538000000000       0.5976770000000000       0.0000000000000000
 2459948.5000200001522899      10.3751999999999995      -0.1120650000000000     -17.1434999999999995       0.0000000000000000
 2459949.5000200001522899      10.6388999999999996      -0.0892366000000000      -7.2598700000000003       0.0000000000000000
 2459950.5000200001522899      10.4631000000000007      -0.1037630000000000     -15.9802999999999997       0.0000000000000000
 2459951.5000200001522899      10.7269000000000005      -0.0186774000000000       3.8526199999999999       0.0000000000000000
 2459952.5000200001522899      10.4631000000000007      -0.0975376000000000     -14.8171999999999997       0.0000000000000000
 2459953.5000200001522899      10.7269000000000005      -0.0269785000000000      -0.6433330000000000       0.0000000000000000
 2459954.5000200001522899      10.4631000000000007      -0.0892366000000000     -13.6442999999999994       0.0000000000000000
 2459955.5000200001522899      10.5510000000000002       0.0871613000000000      14.2635000000000005       0.0000000000000000
 2459956.5000200001522899      10.2873000000000001      -0.1162150000000000     -19.1814999999999998       1.0000000000000000
 2459957.5000200001522899      10.6388999999999996       0.0394301000000000       9.1019000000000005       0.0000000000000000
 2459958.5000200001522899       5.1000800000000002      -0.0850860000000000     -18.0118000000000009       1.0000000000000000
 2459959.5000200001522899      10.5510000000000002      -0.1203660000000000     -12.9498999999999995       0.0000000000000000
 2459960.5000200001522899       0.0000000000000000     -49.9620000000000033     -49.9609999999999985       1.0000000000000000
 2459961.5000200001522899      10.3751999999999995      -0.0767849000000000     -17.4078000000000017       0.0000000000000000
 2459962.5000200001522899      10.3751999999999995      -0.0747097000000000     -17.1493000000000002       0.0000000000000000
