Time P3114 A5334 A5335 A5016
 2453371.5000000000000000      11.3423000000000000      -2.1997800000000001     -19.7132000000000010       0.0000000000000000
 2453372.5000000000000000      11.4301999999999990      -2.5525799999999998     -18.7360000000000010       0.0000000000000000
 2453373.5000000000000000      11.7819000000000000       0.5084410000000000      -8.1520200000000003       0.0000000000000000
 2453374.5000000000000000      11.4301999999999990       0.1950750000000000     -19.1338000000000010       0.0000000000000000
 2453375.5000000000000000      11.6060000000000000      -0.2967630000000000      16.4722000000000010       0.0000000000000000
 2453376.5000000000000000      11.8698000000000000       6.3461900000000000       2.8597199999999998       0.0000000000000000
 2453377.5000000000000000      11.6060000000000000       0.6869140000000000      15.8260000000000010       0.0000000000000000
 2453378.5000000000000000      11.6940000000000010       0.4399570000000000      13.7118000000000000       0.0000000000000000
 2453379.5000000000000000      11.6940000000000010       0.3984520000000000     -11.0647000000000000       0.0000000000000000
 2453380.5000000000000000      11.4301999999999990       0.0684839000000000     -18.1694999999999990       0.0000000000000000
 2453381.5000000000000000      11.8698000000000000      -2.0150899999999998      -0.7076670000000001       0.0000000000000000
 2453382.5000000000000000      11.5181000000000000       0.2179030000000000     -16.6728999999999980       0.0000000000000000
 2453383.5000000000000000      11.6940000000000010       0.0083010800000000     -11.7481000000000010       0.0000000000000000
 2453384.5000000000000000      11.6060000000000000       0.4337310000000000      13.9857999999999990       0.0000000000000000
 2453385.5000000000000000      11.5181000000000000       0.8031290000000000      18.3858000000000000       0.0000000000000000
 2453386.5000000000000000      11.6940000000000010       0.3195910000000000      11.7949000000000000       0.0000000000000000
 2453387.5000000000000000      11.6940000000000010      -0.3092150000000000      13.0097000000000000       0.0000000000000000
 2453388.5000000000000000      11.7819000000000000       0.4026020000000000       6.5524399999999998       0.0000000000000000
 2453389.5000000000000000      11.8698000000000000      -1.4962700000000000      -3.0381900000000002       0.0000000000000000
 2453390.5000000000000000      11.7819000000000000      -0.5873010000000000      -2.6937000000000002       0.0000000000000000
 2453391.5000000000000000      11.7819000000000000      -0.0850860000000000      -2.3512800000000000       0.0000000000000000
 2453392.5000000000000000      11.7819000000000000      -0.0830108000000000      -2.0192399999999999       0.0000000000000000
 2453393.5000000000000000      11.7819000000000000       0.3797740000000000      11.8599999999999990       0.0000000000000000
 2453394.5000000000000000      11.6060000000000000       0.0539570000000000     -14.3965999999999990       0.0000000000000000
 2453395.5000000000000000      11.6940000000000010      -8.4197199999999999       4.3455599999999999       0.0000000000000000
 2453396.5000000000000000      11.6940000000000010      -9.4264799999999997       4.3744399999999999       0.0000000000000000
 2453397.5000000000000000      11.5181000000000000      -0.5125910000000000     -15.7989999999999990       0.0000000000000000
 2453398.5000000000000000      11.7819000000000000      -0.3860000000000000       2.7601100000000001       0.0000000000000000
 2453399.5000000000000000      11.6940000000000010       0.1120650000000000     -11.3983000000000010       0.0000000000000000
 2453400.5000000000000000      11.4301999999999990       0.3569460000000000      17.8028000000000010       0.0000000000000000
 2453401.5000000000000000      11.6060000000000000       0.6703120000000000     -13.1447000000000000       0.0000000000000000
 2453402.5000000000000000      11.7819000000000000       0.1452690000000000       5.3788700000000000       0.0000000000000000
 2453403.5000000000000000      11.6940000000000010       0.2428060000000000     -10.9223000000000000       0.0000000000000000
 2453404.5000000000000000      11.3423000000000000      -0.1950750000000000     -18.1529999999999990       0.0000000000000000
 2453405.5000000000000000      11.6940000000000010       0.2469570000000000      -9.2076600000000006       0.0000000000000000
 2453406.5000000000000000      11.5181000000000000      -0.0332043000000000      16.2792999999999990       0.0000000000000000
 2453407.5000000000000000      11.7819000000000000       0.6557850000000000       2.9821599999999999       0.0000000000000000
 2453408.5000000000000000      11.6940000000000010       0.3403440000000000      10.5969000000000000       0.0000000000000000
 2453409.5000000000000000      11.6940000000000010       0.9940540000000000     -10.6091000000000000       0.0000000000000000
 2453410.5000000000000000      11.6060000000000000      -0.1514950000000000     -12.1532000000000000       0.0000000000000000
 2453411.5000000000000000      11.5181000000000000      -0.5063660000000000     -13.8141000000000000       0.0000000000000000
 2453412.5000000000000000      11.7819000000000000       0.3195910000000000       6.9855600000000004       0.0000000000000000
 2453413.5000000000000000      11.7819000000000000      -0.3756240000000000       5.1169399999999996       0.0000000000000000
 2453414.5000000000000000      11.7819000000000000      -0.3735480000000000       5.4345600000000003       0.0000000000000000
 2453415.5000000000000000      11.7819000000000000      -0.5997530000000000       5.7789999999999999       0.0000000000000000
 2453416.5000000000000000      11.7819000000000000      -0.4233550000000000       6.0966199999999997       0.0000000000000000
 2453417.5000000000000000      11.7819000000000000      -0.3984520000000000       0.6765380000000000       0.0000000000000000
 2453418.5000000000000000      11.6940000000000010       0.4316560000000000      -8.6808599999999991       0.0000000000000000
 2453419.5000000000000000      11.2544000000000000       0.1452690000000000     -19.6177999999999990       0.0000000000000000
 2453420.5000000000000000      11.5181000000000000       0.3424190000000000     -13.1929000000000000       0.0000000000000000
 2453421.5000000000000000      11.6940000000000010      -0.1473440000000000       8.5425500000000003       0.0000000000000000
 2453422.5000000000000000      11.6060000000000000       0.4337310000000000     -10.9995999999999990       0.0000000000000000
 2453423.5000000000000000      11.6060000000000000      12.2265000000000000       4.1063099999999997       0.0000000000000000
 2453424.5000000000000000      11.2544000000000000      -0.2677100000000000      19.3172000000000000       0.0000000000000000
 2453425.5000000000000000      11.6940000000000010      -0.0809355000000000      -5.9811199999999998       0.0000000000000000
 2453426.5000000000000000      11.6940000000000010       0.2635590000000000      -5.5562500000000004       0.0000000000000000
 2453427.5000000000000000      11.3423000000000000       0.1930000000000000      18.7781999999999980       0.0000000000000000
 2453428.5000000000000000      11.2544000000000000       0.3444950000000000     -18.9926999999999990       0.0000000000000000
 2453429.5000000000000000      11.5181000000000000       0.1494190000000000      13.6540000000000000       0.0000000000000000
 2453430.5000000000000000      11.5181000000000000       0.0684839000000000      12.6778999999999990       0.0000000000000000
 2453431.5000000000000000      11.6940000000000010       4.1599399999999997       3.7515600000000000       0.0000000000000000
 2453432.5000000000000000      11.6940000000000010       3.7783699999999998       7.6269999999999998       0.0000000000000000
 2453433.5000000000000000      11.6940000000000010      -0.0207527000000000       3.5238100000000001       0.0000000000000000
 2453434.5000000000000000      11.6940000000000010      -1.2928900000000001       4.1516900000000003       0.0000000000000000
 2453435.5000000000000000      11.6940000000000010       0.2448820000000000       0.7740750000000000       0.0000000000000000
 2453436.5000000000000000      11.4301999999999990      -0.4503330000000000     -13.6328000000000000       0.0000000000000000
 2453437.5000000000000000      11.6060000000000000       1.2368600000000001      -9.4924199999999992       0.0000000000000000
 2453438.5000000000000000      11.5181000000000000       1.2617600000000000     -10.4891000000000010       0.0000000000000000
 2453439.5000000000000000      11.5181000000000000       1.1227199999999999     -11.5101999999999990       0.0000000000000000
 2453440.5000000000000000      11.5181000000000000       1.1476200000000001     -12.4869000000000000       0.0000000000000000
 2453441.5000000000000000      11.4301999999999990       1.0065100000000000     -13.4669000000000010       0.0000000000000000
 2453442.5000000000000000      11.4301999999999990       1.0314099999999999     -14.4370999999999990       0.0000000000000000
 2453443.5000000000000000      11.3423000000000000       0.8736880000000000     -15.4344000000000000       0.0000000000000000
 2453444.5000000000000000      11.3423000000000000       0.7969030000000000     -16.4239999999999990       0.0000000000000000
 2453445.5000000000000000      11.2544000000000000       0.7491720000000000     -17.4387000000000010       0.0000000000000000
 2453446.5000000000000000      11.1663999999999990       0.6640860000000000     -18.4041999999999990       0.0000000000000000
 2453447.5000000000000000      11.6060000000000000       0.0539570000000000       3.8093100000000000       0.0000000000000000
 2453448.5000000000000000      11.4301999999999990      -0.1016880000000000     -12.0277999999999990       0.0000000000000000
 2453449.5000000000000000      11.6060000000000000       0.3507200000000000       4.6260599999999998       0.0000000000000000
 2453450.5000000000000000      11.4301999999999990       0.1743230000000000     -11.9293999999999990       0.0000000000000000
 2453451.5000000000000000      11.6060000000000000      -0.0435806000000000       4.6734999999999998       0.0000000000000000
 2453452.5000000000000000      11.1663999999999990      -0.5582470000000001     -18.7067000000000010       0.0000000000000000
 2453453.5000000000000000      11.6060000000000000       0.1680970000000000       7.3176300000000003       0.0000000000000000
 2453454.5000000000000000      11.5181000000000000      -0.2863870000000000       8.2272800000000004       0.0000000000000000
 2453455.5000000000000000      11.3423000000000000      -0.0954624000000000      15.9339999999999990       0.0000000000000000
 2453456.5000000000000000      11.3423000000000000      -0.7636990000000000      14.5992000000000000       0.0000000000000000
 2453457.5000000000000000      11.0785000000000000      -0.3465700000000000     -18.9742999999999990       0.0000000000000000
 2453458.5000000000000000      11.1663999999999990       0.3216670000000000     -18.2427999999999990       0.0000000000000000
 2453459.5000000000000000      11.4301999999999990       0.2054520000000000      12.5718000000000000       0.0000000000000000
 2453460.5000000000000000      11.6060000000000000       0.4586340000000000       5.3149400000000000       0.0000000000000000
 2453461.5000000000000000      11.6060000000000000      -0.3112900000000000       0.7927530000000000       0.0000000000000000
 2453462.5000000000000000      11.3423000000000000       0.2697850000000000     -13.7466000000000010       0.0000000000000000
 2453463.5000000000000000      11.1663999999999990       0.1701720000000000      17.2496000000000010       0.0000000000000000
 2453464.5000000000000000      11.1663999999999990       1.7826599999999999     -17.7734999999999990       0.0000000000000000
 2453465.5000000000000000      11.2544000000000000      -0.0207527000000000     -14.7111000000000000       0.0000000000000000
 2453466.5000000000000000      11.5181000000000000      -0.3465700000000000      -1.6664399999999999       0.0000000000000000
 2453467.5000000000000000      11.0785000000000000      -0.3382690000000000     -18.1346999999999990       0.0000000000000000
 2453468.5000000000000000      11.1663999999999990       0.4295810000000000     -17.4985000000000000       0.0000000000000000
 2453469.5000000000000000      11.0785000000000000      -0.1743230000000000     -18.6589999999999990       0.0000000000000000
 2453470.5000000000000000      11.0785000000000000       0.0415054000000000     -17.7387000000000010       0.0000000000000000
 2453471.5000000000000000      11.5181000000000000      -0.2365810000000000       7.2784399999999998       0.0000000000000000
 2453472.5000000000000000      11.0785000000000000      -0.0560323000000000     -17.4908000000000000       0.0000000000000000
 2453473.5000000000000000      11.0785000000000000      -0.3112900000000000     -18.5966999999999980       0.0000000000000000
 2453474.5000000000000000      11.0785000000000000       0.3693980000000000     -17.9018000000000010       0.0000000000000000
 2453475.5000000000000000      11.4301999999999990      -0.0913118000000000      -6.1914999999999996       0.0000000000000000
 2453476.5000000000000000      11.5181000000000000      -0.7055910000000000       5.3974399999999996       0.0000000000000000
 2453477.5000000000000000      11.2544000000000000      12.0143000000000000       6.9587500000000002       0.0000000000000000
 2453478.5000000000000000      11.5181000000000000      -0.6122040000000000       3.1523300000000001       0.0000000000000000
 2453479.5000000000000000      11.2544000000000000      -0.2697850000000000     -14.1304000000000000       0.0000000000000000
 2453480.5000000000000000      11.2544000000000000       0.3818490000000000     -13.4128000000000010       0.0000000000000000
 2453481.5000000000000000      11.3423000000000000       1.8718900000000001      10.6050000000000000       0.0000000000000000
 2453482.5000000000000000      11.3423000000000000       1.8843399999999999      11.5528999999999990       0.0000000000000000
 2453483.5000000000000000      11.3423000000000000      -0.0477312000000000      -9.2890200000000007       0.0000000000000000
 2453484.5000000000000000      11.3423000000000000       0.3341180000000000     -10.1860000000000000       0.0000000000000000
 2453485.5000000000000000      11.3423000000000000      -0.2262040000000000      -9.6165000000000003       0.0000000000000000
 2453486.5000000000000000      11.3423000000000000       0.3984520000000000      -8.8822200000000002       0.0000000000000000
 2453487.5000000000000000      11.3423000000000000       0.2780860000000000     -10.0884000000000000       0.0000000000000000
 2453488.5000000000000000      11.4301999999999990      -0.4939140000000000       5.6738099999999996       0.0000000000000000
 2453489.5000000000000000      10.9906000000000010       0.2780860000000000      17.9164999999999990       0.0000000000000000
 2453490.5000000000000000      11.1663999999999990       0.8425590000000000      14.0282000000000000       0.0000000000000000
 2453491.5000000000000000      11.0785000000000000       0.2531830000000000      16.4645000000000010       0.0000000000000000
 2453492.5000000000000000      11.3423000000000000      -0.6516340000000001      -5.6758800000000003       0.0000000000000000
 2453493.5000000000000000      11.2544000000000000       0.0124516000000000     -12.1976000000000000       0.0000000000000000
 2453494.5000000000000000      11.2544000000000000       0.5208930000000001     -10.0924999999999990       0.0000000000000000
 2453495.5000000000000000      11.3423000000000000      -1.9134000000000000      -9.6856500000000008       0.0000000000000000
 2453496.5000000000000000      10.9026999999999990       0.8716130000000000      19.2657999999999990       0.0000000000000000
 2453497.5000000000000000      11.4301999999999990       0.6288060000000000      -0.5188170000000000       0.0000000000000000
 2453498.5000000000000000      11.3423000000000000      -0.0290538000000000       6.2781200000000004       0.0000000000000000
 2453499.5000000000000000      11.2544000000000000      -0.0352796000000000     -11.5345999999999990       0.0000000000000000
 2453500.5000000000000000      11.2544000000000000      -0.1763980000000000     -10.7372000000000000       0.0000000000000000
 2453501.5000000000000000      11.3423000000000000       0.1535700000000000       7.9547200000000000       0.0000000000000000
 2453502.5000000000000000      10.9026999999999990       0.9317960000000000      18.8992000000000000       0.0000000000000000
 2453503.5000000000000000      10.9026999999999990       0.2780860000000000      18.8698000000000010       0.0000000000000000
 2453504.5000000000000000      11.3423000000000000      -0.1556450000000000      -7.1567499999999997       0.0000000000000000
 2453505.5000000000000000      11.1663999999999990      -0.0560323000000000      13.8199000000000010       0.0000000000000000
 2453506.5000000000000000      11.2544000000000000       9.9398999999999997       2.6750200000000000       0.0000000000000000
 2453507.5000000000000000      11.0785000000000000       0.1452690000000000      14.6801999999999990       0.0000000000000000
 2453508.5000000000000000      10.9026999999999990       0.9214190000000000      18.4647000000000010       0.0000000000000000
 2453509.5000000000000000      10.9906000000000010      -0.0290538000000000     -16.5378000000000010       0.0000000000000000
 2453510.5000000000000000      10.8148000000000000       0.4939140000000000     -18.5123000000000000       0.0000000000000000
 2453511.5000000000000000      10.9026999999999990       0.2594090000000000      18.1969999999999990       0.0000000000000000
 2453512.5000000000000000      11.3423000000000000      -0.1203660000000000       4.9911300000000001       0.0000000000000000
 2453513.5000000000000000      10.9906000000000010      -0.1909250000000000     -16.0421000000000010       0.0000000000000000
 2453514.5000000000000000      10.9906000000000010       0.3258170000000000     -15.2357999999999990       0.0000000000000000
 2453515.5000000000000000      11.0785000000000000      -0.1743230000000000     -14.3851000000000000       0.0000000000000000
 2453516.5000000000000000      11.0785000000000000       0.3320430000000000     -13.5942000000000010       0.0000000000000000
 2453517.5000000000000000      11.0785000000000000      -0.1639460000000000     -12.7493000000000000       0.0000000000000000
 2453518.5000000000000000      11.0785000000000000       0.3154410000000000     -11.9468000000000000       0.0000000000000000
 2453519.5000000000000000      11.1663999999999990      -0.1514950000000000     -11.0932000000000000       0.0000000000000000
 2453520.5000000000000000      11.2544000000000000      -1.4028799999999999      -7.5692500000000003       0.0000000000000000
 2453521.5000000000000000      11.1663999999999990      -0.1369680000000000      -9.4090299999999996       0.0000000000000000
 2453522.5000000000000000      11.2544000000000000      -2.7829400000000000      -2.7061500000000001       0.0000000000000000
 2453523.5000000000000000      11.3423000000000000       0.1556450000000000       1.3385499999999999       0.0000000000000000
 2453524.5000000000000000      11.2544000000000000      -3.4491000000000001       2.2371400000000001       0.0000000000000000
 2453525.5000000000000000      10.9026999999999990      -7.0247500000000000      15.2184000000000010       0.0000000000000000
 2453526.5000000000000000      10.9906000000000010      -0.0913118000000000      15.4981000000000010       0.0000000000000000
 2453527.5000000000000000      10.9906000000000010       6.8329399999999998     -13.0830000000000000       0.0000000000000000
 2453528.5000000000000000      10.9906000000000010      -0.1099890000000000      15.0930000000000000       0.0000000000000000
 2453529.5000000000000000      11.0785000000000000      -2.1001699999999999     -11.4471000000000010       0.0000000000000000
 2453530.5000000000000000      10.9906000000000010      -0.1037630000000000      14.6821000000000000       0.0000000000000000
 2453531.5000000000000000      10.9906000000000010     -11.0951000000000000     -10.0558000000000000       0.0000000000000000
 2453532.5000000000000000      10.9906000000000010      -0.0560323000000000      14.2346000000000000       0.0000000000000000
 2453533.5000000000000000      11.2544000000000000       0.0996129000000000      -4.9230600000000004       0.0000000000000000
 2453534.5000000000000000      10.9906000000000010      -0.1120650000000000      13.8199000000000010       0.0000000000000000
 2453535.5000000000000000      11.2544000000000000       0.0996129000000000      -6.5875000000000004       0.0000000000000000
 2453536.5000000000000000      11.0785000000000000      -0.0435806000000000      13.3222000000000000       0.0000000000000000
 2453537.5000000000000000      10.9906000000000010       0.0560323000000000     -13.9993000000000000       0.0000000000000000
 2453538.5000000000000000      11.0785000000000000      -0.0435806000000000      12.8457000000000010       0.0000000000000000
 2453539.5000000000000000      10.8148000000000000     -16.9769000000000010      -3.4200400000000002       0.0000000000000000
 2453540.5000000000000000      11.0785000000000000      -0.0394301000000000      12.3693000000000010       0.0000000000000000
 2453541.5000000000000000      11.2544000000000000      -0.0581075000000000       4.1021900000000002       0.0000000000000000
 2453542.5000000000000000      11.0785000000000000      -0.1058390000000000      11.8831000000000010       0.0000000000000000
 2453543.5000000000000000      11.2544000000000000      -0.0622581000000000      -1.5896600000000001       0.0000000000000000
 2453544.5000000000000000      11.0785000000000000      -0.0332043000000000      11.3393000000000000       0.0000000000000000
 2453545.5000000000000000      11.2544000000000000      -0.1099890000000000      -3.1689400000000001       0.0000000000000000
 2453546.5000000000000000      11.0785000000000000      -0.0290538000000000      10.7271000000000000       0.0000000000000000
 2453547.5000000000000000      11.2544000000000000      -0.0664086000000000      -1.4070300000000000       0.0000000000000000
 2453548.5000000000000000      11.1663999999999990      -0.0269785000000000      10.1819000000000010       0.0000000000000000
 2453549.5000000000000000      11.2544000000000000       2.6044600000000000       4.9044999999999996       0.0000000000000000
 2453550.5000000000000000      11.1663999999999990      -0.0228280000000000       9.6165000000000003       0.0000000000000000
 2453551.5000000000000000      10.7269000000000010      -0.0207527000000000     -18.6553000000000000       0.0000000000000000
 2453552.5000000000000000      11.1663999999999990      -0.0207527000000000       9.0408799999999996       0.0000000000000000
 2453553.5000000000000000      10.9906000000000010       0.1141400000000000      13.2083999999999990       0.0000000000000000
 2453554.5000000000000000      10.7269000000000010     -11.3778000000000010     -14.4487000000000010       0.0000000000000000
 2453555.5000000000000000      10.9906000000000010      -2.3575100000000000     -12.6760000000000000       0.0000000000000000
 2453556.5000000000000000      11.1663999999999990      -0.0166022000000000       7.8875999999999999       0.0000000000000000
 2453557.5000000000000000      11.2544000000000000      -0.0166022000000000       2.1478999999999999       0.0000000000000000
 2453558.5000000000000000      11.1663999999999990      -0.0145269000000000       7.2866900000000001       0.0000000000000000
 2453559.5000000000000000      11.1663999999999990       0.0601828000000000       6.9896900000000004       0.0000000000000000
 2453560.5000000000000000      11.1663999999999990      -0.0124516000000000       6.6741299999999999       0.0000000000000000
 2453561.5000000000000000      11.0785000000000000       0.0435806000000000      12.9383000000000000       0.0000000000000000
 2453562.5000000000000000      11.1663999999999990      -0.0103763000000000       6.0739400000000003       0.0000000000000000
 2453563.5000000000000000      10.9026999999999990      -0.0311290000000000     -16.4375000000000000       0.0000000000000000
 2453564.5000000000000000      11.1663999999999990      -0.0103763000000000       5.4551900000000000       0.0000000000000000
 2453565.5000000000000000      10.9026999999999990      -3.5258799999999999     -15.4923000000000000       0.0000000000000000
 2453566.5000000000000000      11.2544000000000000      -0.0083010800000000       4.8323099999999997       0.0000000000000000
 2453567.5000000000000000      11.2544000000000000       0.0498065000000000      -3.4241899999999998       0.0000000000000000
 2453568.5000000000000000      11.2544000000000000      -0.1597960000000000       4.2197500000000003       0.0000000000000000
 2453569.5000000000000000      11.1663999999999990       0.0124516000000000      -9.1486800000000006       0.0000000000000000
 2453570.5000000000000000      11.2544000000000000      -0.0103763000000000       3.5902099999999999       0.0000000000000000
 2453571.5000000000000000      11.2544000000000000      -0.0166022000000000      -2.0835699999999999       0.0000000000000000
 2453572.5000000000000000      11.2544000000000000      -0.0415054000000000       2.9717799999999999       0.0000000000000000
 2453573.5000000000000000      11.1663999999999990       0.0228280000000000      -9.3276699999999995       0.0000000000000000
 2453574.5000000000000000      11.2544000000000000      -0.0166022000000000       2.3139200000000000       0.0000000000000000
 2453575.5000000000000000      11.1663999999999990       0.1058390000000000       9.5656499999999998       0.0000000000000000
 2453576.5000000000000000      11.2544000000000000      -0.0186774000000000       1.6871900000000000       0.0000000000000000
 2453577.5000000000000000      11.0785000000000000      -0.0435806000000000     -12.2188000000000000       0.0000000000000000
 2453578.5000000000000000      11.2544000000000000      -0.0228280000000000       1.0438600000000000       0.0000000000000000
 2453579.5000000000000000      11.1663999999999990       0.0539570000000000      -6.6638099999999998       0.0000000000000000
 2453580.5000000000000000      11.2544000000000000      -0.0249032000000000       0.3963760000000000       0.0000000000000000
 2453581.5000000000000000      11.2544000000000000      -1.9258500000000001       3.8237500000000000       0.0000000000000000
 2453582.5000000000000000      11.2544000000000000      -0.0269785000000000      -0.2345050000000000       0.0000000000000000
 2453583.5000000000000000      11.2544000000000000       0.1058390000000000       7.4764400000000002       0.0000000000000000
 2453584.5000000000000000      11.2544000000000000      -0.0145269000000000      -0.8799140000000000       0.0000000000000000
 2453585.5000000000000000      11.1663999999999990       0.1411180000000000      10.8145000000000010       0.0000000000000000
 2453586.5000000000000000      11.2544000000000000      -0.0186774000000000      -1.5232500000000000       0.0000000000000000
 2453587.5000000000000000      11.2544000000000000      -0.6931400000000000      -0.4980650000000000       0.0000000000000000
 2453588.5000000000000000      11.2544000000000000      -0.0394301000000000      -2.1582800000000000       0.0000000000000000
 2453589.5000000000000000      10.8148000000000000      -0.1079140000000000     -18.4280000000000010       0.0000000000000000
 2453590.5000000000000000      11.2544000000000000      -0.0415054000000000      -2.7953899999999998       0.0000000000000000
 2453591.5000000000000000      10.9026999999999990      -0.0705591000000000     -16.8445000000000000       0.0000000000000000
 2453592.5000000000000000      11.2544000000000000      -0.0456559000000000      -3.4345699999999999       0.0000000000000000
 2453593.5000000000000000      11.1663999999999990      -0.0477312000000000      -9.9948200000000007       0.0000000000000000
 2453594.5000000000000000      11.2544000000000000      -0.0477312000000000      -4.0691899999999999       0.0000000000000000
 2453595.5000000000000000      11.1663999999999990       0.0767849000000000      11.4471000000000010       0.0000000000000000
 2453596.5000000000000000      11.2544000000000000      -0.0518817000000000      -4.6920599999999997       0.0000000000000000
 2453597.5000000000000000      11.0785000000000000       0.1307420000000000      13.6694000000000000       0.0000000000000000
 2453598.5000000000000000      11.2544000000000000      -0.0539570000000000      -5.3211300000000001       0.0000000000000000
 2453599.5000000000000000      10.8148000000000000       0.0975376000000000      18.8569999999999990       0.0000000000000000
 2453600.5000000000000000      11.2544000000000000      -0.0581075000000000      -5.9481200000000003       0.0000000000000000
 2453601.5000000000000000      10.9026999999999990      -0.0954624000000000     -16.2079999999999980       0.0000000000000000
 2453602.5000000000000000      11.2544000000000000      -0.0601828000000000      -6.5565600000000002       0.0000000000000000
 2453603.5000000000000000      11.3423000000000000      -0.0166022000000000       2.8929200000000002       0.0000000000000000
 2453604.5000000000000000      11.2544000000000000      -0.0643333000000000      -7.2392500000000002       0.0000000000000000
 2453605.5000000000000000      11.1663999999999990      -0.0747097000000000      -9.6978600000000004       0.0000000000000000
 2453606.5000000000000000      11.1663999999999990      -0.0684839000000000      -7.8530199999999999       0.0000000000000000
 2453607.5000000000000000      11.2544000000000000       0.0207527000000000       8.5466099999999994       0.0000000000000000
 2453608.5000000000000000      11.1663999999999990      -0.0705591000000000      -8.4469499999999993       0.0000000000000000
 2453609.5000000000000000      10.9026999999999990       0.0394301000000000      17.6007000000000000       0.0000000000000000
 2453610.5000000000000000      11.2544000000000000       0.4026020000000000      -8.1316799999999994       0.0000000000000000
 2453611.5000000000000000      11.2544000000000000      -0.0830108000000000      -8.4876299999999993       0.0000000000000000
 2453612.5000000000000000      11.2544000000000000      -3.1419600000000001      -3.8732500000000001       0.0000000000000000
 2453613.5000000000000000      11.3423000000000000      -1.0853699999999999      -1.3198700000000001       0.0000000000000000
 2453614.5000000000000000      11.1663999999999990       0.2345050000000000      -9.9480400000000007       0.0000000000000000
 2453615.5000000000000000      11.0785000000000000     -11.6746000000000000       5.9584400000000004       0.0000000000000000
 2453616.5000000000000000      11.1663999999999990      -0.0332043000000000     -10.7576000000000000       0.0000000000000000
 2453617.5000000000000000      10.9906000000000010       0.1743230000000000      16.9197999999999990       0.0000000000000000
 2453618.5000000000000000      10.9906000000000010      -2.3014700000000001     -15.1798000000000000       0.0000000000000000
 2453619.5000000000000000      11.2544000000000000       0.0041505400000000       8.9290099999999999       0.0000000000000000
 2453620.5000000000000000      11.0785000000000000      -1.5315500000000000     -14.2269000000000010       0.0000000000000000
 2453621.5000000000000000      10.9906000000000010      -0.0913118000000000     -16.8753999999999990       0.0000000000000000
 2453622.5000000000000000      11.2544000000000000      -0.7201180000000000      -6.5132500000000002       0.0000000000000000
 2453623.5000000000000000      11.3423000000000000       0.0228280000000000      -1.0500900000000000       0.0000000000000000
 2453624.5000000000000000      11.3423000000000000      -0.3050650000000000       3.6254900000000001       0.0000000000000000
 2453625.5000000000000000      11.3423000000000000       0.2573330000000000      -3.6793700000000000       0.0000000000000000
 2453626.5000000000000000      11.2544000000000000      -0.0394301000000000      10.3691000000000000       0.0000000000000000
 2453627.5000000000000000      11.3423000000000000      -0.0477312000000000      -5.1086900000000002       0.0000000000000000
 2453628.5000000000000000      11.2544000000000000       0.4690110000000000     -10.2266999999999990       0.0000000000000000
 2453629.5000000000000000      10.9906000000000010       0.1930000000000000      17.5120000000000000       0.0000000000000000
 2453630.5000000000000000      11.1663999999999990      -0.2780860000000000     -13.5382000000000000       0.0000000000000000
 2453631.5000000000000000      11.0785000000000000      -0.1473440000000000     -15.9688000000000000       0.0000000000000000
 2453632.5000000000000000      10.9026999999999990      -0.5873010000000000     -19.0898000000000000       0.0000000000000000
 2453633.5000000000000000      11.4301999999999990       0.0041505400000000       1.2264800000000000       0.0000000000000000
 2453634.5000000000000000      10.9906000000000010      -0.5665480000000001     -17.4908000000000000       0.0000000000000000
 2453635.5000000000000000      11.0785000000000000      -0.0124516000000000      16.8812000000000000       0.0000000000000000
 2453636.5000000000000000      10.9026999999999990      -0.7387960000000000     -19.7167999999999990       0.0000000000000000
 2453637.5000000000000000      11.1663999999999990      -0.7740750000000000     -13.4379000000000010       0.0000000000000000
 2453638.5000000000000000      11.0785000000000000       0.4918390000000000      16.1462000000000000       0.0000000000000000
 2453639.5000000000000000      11.4301999999999990       5.4716899999999997      -2.3097699999999999       0.0000000000000000
 2453640.5000000000000000      11.2544000000000000      -0.6391830000000000     -12.1550999999999990       0.0000000000000000
 2453641.5000000000000000      11.3423000000000000       0.0249032000000000      10.0518000000000000       0.0000000000000000
 2453642.5000000000000000      11.3423000000000000       0.8736880000000000       8.3249099999999991       0.0000000000000000
 2453643.5000000000000000      11.3423000000000000      -0.2116770000000000       8.4815299999999993       0.0000000000000000
 2453644.5000000000000000      11.2544000000000000       0.1763980000000000      12.1667000000000010       0.0000000000000000
 2453645.5000000000000000      11.1663999999999990       0.2511080000000000      14.7323000000000000       0.0000000000000000
 2453646.5000000000000000      11.4301999999999990      -0.2760110000000000       0.2345050000000000       0.0000000000000000
 2453647.5000000000000000      11.2544000000000000       0.0394301000000000      12.6027000000000000       0.0000000000000000
 2453648.5000000000000000      11.3423000000000000       0.1431940000000000      11.5183000000000000       0.0000000000000000
 2453649.5000000000000000      11.2544000000000000       0.0539570000000000      12.5197000000000000       0.0000000000000000
 2453650.5000000000000000      10.9906000000000010      -0.8238820000000000     -18.6755000000000000       0.0000000000000000
 2453651.5000000000000000      10.9906000000000010       0.2013010000000000      19.4950000000000010       0.0000000000000000
 2453652.5000000000000000      11.4301999999999990      -0.7927530000000000      -8.1581200000000003       0.0000000000000000
 2453653.5000000000000000      11.0785000000000000       0.3029890000000000      18.8625000000000010       0.0000000000000000
 2453654.5000000000000000      11.0785000000000000      -0.7865270000000000     -17.5582999999999990       0.0000000000000000
 2453655.5000000000000000      11.1663999999999990      -0.0103763000000000      16.3313999999999990       0.0000000000000000
 2453656.5000000000000000      11.2544000000000000      -0.7969030000000000     -13.4900000000000000       0.0000000000000000
 2453657.5000000000000000      11.3423000000000000       0.0000000000000000     -12.3210000000000000       0.0000000000000000
 2453658.5000000000000000      11.3423000000000000      -0.7844520000000000     -12.5814000000000000       0.0000000000000000
 2453659.5000000000000000      11.5181000000000000      -0.2199780000000000      -3.4594700000000000       0.0000000000000000
 2453660.5000000000000000      11.1663999999999990      -0.1743230000000000     -15.8704000000000000       0.0000000000000000
 2453661.5000000000000000      11.2544000000000000      -0.0601828000000000     -14.8461000000000000       0.0000000000000000
 2453662.5000000000000000      11.2544000000000000      -0.1680970000000000     -13.9163000000000000       0.0000000000000000
 2453663.5000000000000000      11.0785000000000000       0.3237420000000000      18.6607999999999980       0.0000000000000000
 2453664.5000000000000000      11.1663999999999990      -5.5026200000000003     -15.8896999999999990       0.0000000000000000
 2453665.5000000000000000      11.2544000000000000       0.2096020000000000      15.9148000000000000       0.0000000000000000
 2453666.5000000000000000      10.9906000000000010       7.8977700000000004     -19.5187999999999990       0.0000000000000000
 2453667.5000000000000000      10.8148000000000000     -19.3590000000000020      11.9178999999999990       0.0000000000000000
 2453668.5000000000000000      11.2544000000000000      -1.9320800000000000     -13.8932000000000000       0.0000000000000000
 2453669.5000000000000000      11.1663999999999990       0.1867740000000000     -17.1222999999999990       0.0000000000000000
 2453670.5000000000000000      11.1663999999999990      -0.8072800000000000     -16.5976000000000000       0.0000000000000000
 2453671.5000000000000000      11.2544000000000000      15.9050999999999990       5.1973700000000003       0.0000000000000000
 2453672.5000000000000000      11.0785000000000000      -0.2822370000000000     -18.4151999999999990       0.0000000000000000
 2453673.5000000000000000      11.1663999999999990       0.2614840000000000      19.0642000000000000       0.0000000000000000
 2453674.5000000000000000      11.1663999999999990       0.1618710000000000     -17.2765999999999980       0.0000000000000000
 2453675.5000000000000000      11.3423000000000000       7.6290600000000000      13.8681000000000000       0.0000000000000000
 2453676.5000000000000000      11.0785000000000000       0.0020752700000000     -18.7872999999999980       0.0000000000000000
 2453677.5000000000000000      11.6060000000000000       0.0747097000000000      -1.2015800000000001       0.0000000000000000
 2453678.5000000000000000      11.3423000000000000      -0.2199780000000000      14.9136000000000010       0.0000000000000000
 2453679.5000000000000000      11.4301999999999990      -0.1846990000000000     -11.2944999999999990       0.0000000000000000
 2453680.5000000000000000      11.1663999999999990      -0.8135050000000000     -18.2282000000000010       0.0000000000000000
 2453681.5000000000000000      11.4301999999999990       0.3341180000000000      12.0355000000000010       0.0000000000000000
 2453682.5000000000000000      11.6060000000000000      -0.5914520000000000      -2.8825500000000002       0.0000000000000000
 2453683.5000000000000000      11.4301999999999990       0.2863870000000000      11.7359000000000010       0.0000000000000000
 2453684.5000000000000000      11.5181000000000000       0.6620110000000000     -10.4483999999999990       0.0000000000000000
 2453685.5000000000000000      11.5181000000000000      -0.2386560000000000      -9.9114299999999993       0.0000000000000000
 2453686.5000000000000000      11.4301999999999990       0.6039030000000000     -12.9229000000000000       0.0000000000000000
 2453687.5000000000000000      11.4301999999999990       0.3092150000000000      13.0192999999999990       0.0000000000000000
 2453688.5000000000000000      11.6060000000000000      -0.6474840000000000       6.8721300000000003       0.0000000000000000
 2453689.5000000000000000      11.6060000000000000       0.2822370000000000       0.3922260000000000       0.0000000000000000
 2453690.5000000000000000      11.5181000000000000       0.5852260000000000     -11.0830000000000000       0.0000000000000000
 2453691.5000000000000000      11.6060000000000000       0.2843120000000000      -0.3610970000000000       0.0000000000000000
 2453692.5000000000000000      11.4301999999999990       0.1245160000000000      12.0433000000000000       0.0000000000000000
 2453693.5000000000000000      11.6060000000000000       0.2926130000000000      -1.1268700000000000       0.0000000000000000
 2453694.5000000000000000      11.6060000000000000      -0.2241290000000000       5.0199999999999996       0.0000000000000000
 2453695.5000000000000000      11.6060000000000000       0.0290538000000000       1.8490599999999999       0.0000000000000000
 2453696.5000000000000000      11.3423000000000000       0.6993660000000000     -16.1212000000000020       0.0000000000000000
 2453697.5000000000000000      11.2544000000000000      -0.0332043000000000     -17.5120000000000000       0.0000000000000000
 2453698.5000000000000000      11.6060000000000000      -0.6308820000000001      -4.0526900000000001       0.0000000000000000
 2453699.5000000000000000      11.6060000000000000       0.0041505400000000      -2.1997800000000001       0.0000000000000000
 2453700.5000000000000000      11.6060000000000000      -0.6163550000000000      -2.5878600000000000       0.0000000000000000
 2453701.5000000000000000      11.6060000000000000      -0.0124516000000000      -4.8384999999999998       0.0000000000000000
 2453702.5000000000000000      11.2544000000000000      -0.1971510000000000     -18.0521999999999990       0.0000000000000000
 2453703.5000000000000000      11.6060000000000000       0.2926130000000000      -7.5754400000000004       0.0000000000000000
 2453704.5000000000000000      11.3423000000000000       0.3299680000000000      16.6785999999999990       0.0000000000000000
 2453705.5000000000000000      11.6060000000000000       0.0332043000000000       6.9958700000000000       0.0000000000000000
 2453706.5000000000000000      11.1663999999999990       0.6765380000000000     -19.2603000000000010       0.0000000000000000
 2453707.5000000000000000      11.5181000000000000      -0.3133660000000000     -12.1378000000000000       0.0000000000000000
 2453708.5000000000000000      11.3423000000000000      -0.0643333000000000     -16.7673999999999990       0.0000000000000000
 2453709.5000000000000000      11.4301999999999990       0.2262040000000000      14.4526000000000000       0.0000000000000000
 2453710.5000000000000000      11.6060000000000000       0.6163550000000000      10.8104999999999990       0.0000000000000000
 2453711.5000000000000000      11.6060000000000000      -0.1888490000000000      10.1290999999999990       0.0000000000000000
 2453712.5000000000000000      11.6940000000000010       0.4773120000000000      -3.3391099999999998       0.0000000000000000
 2453713.5000000000000000      11.6940000000000010      -0.2158280000000000      -4.1289999999999996       0.0000000000000000
 2453714.5000000000000000      11.5181000000000000      -0.0394301000000000     -12.3017000000000000       0.0000000000000000
 2453715.5000000000000000      11.6060000000000000       0.3009140000000000       6.8411900000000001       0.0000000000000000
 2453716.5000000000000000      11.5181000000000000       0.1514950000000000     -10.9427000000000000       0.0000000000000000
 2453717.5000000000000000      11.6060000000000000       1.1227199999999999      10.2693999999999990       0.0000000000000000
 2453718.5000000000000000      11.6060000000000000       0.4316560000000000      -9.8422699999999992       0.0000000000000000
 2453719.5000000000000000      11.4301999999999990      -0.0705591000000000     -15.0641000000000000       0.0000000000000000
 2453720.5000000000000000      11.6940000000000010       0.3009140000000000      -4.5415000000000001       0.0000000000000000
 2453721.5000000000000000      11.6940000000000010       2.0441400000000001       6.2966899999999999       0.0000000000000000
 2453722.5000000000000000      11.6940000000000010       0.3361940000000000      -3.7041200000000001       0.0000000000000000
 2453723.5000000000000000      11.6060000000000000       0.3299680000000000       8.1804900000000007       0.0000000000000000
 2453724.5000000000000000      11.5181000000000000      -0.0747097000000000     -12.5254999999999990       0.0000000000000000
 2453725.5000000000000000      11.5181000000000000      -0.0705591000000000     -12.2574000000000010       0.0000000000000000
 2453726.5000000000000000      11.5181000000000000      -0.0705591000000000     -11.9931000000000000       0.0000000000000000
 2453727.5000000000000000      11.5181000000000000      -0.0684839000000000     -11.7034000000000000       0.0000000000000000
 2453728.5000000000000000      11.5181000000000000      -0.0684839000000000     -11.4207000000000000       0.0000000000000000
 2453729.5000000000000000      11.5181000000000000      -0.0664086000000000     -11.1196000000000000       0.0000000000000000
 2453730.5000000000000000      11.5181000000000000      -0.0664086000000000     -11.0830000000000000       0.0000000000000000
 2453731.5000000000000000      11.5181000000000000      -0.0622581000000000     -10.5398999999999990       0.0000000000000000
 2453733.5000000000000000      11.6060000000000000      -0.0601828000000000      -9.9419400000000007       0.0000000000000000
 2453735.5000000000000000      11.6060000000000000      -0.0560323000000000      -9.3297000000000008       0.0000000000000000
