Time P3114 A5334 A5335 A5016
Sampling rate [day] =  1.00000
Retrieving method =  last
Binning mode =  all
 2458849.5000300002284348      10.5510000000000002      -0.1390430000000000     -14.3793000000000006       0.0000000000000000
 2458850.5000300002284348      10.7269000000000005       0.0601828000000000       8.7215399999999992       0.0000000000000000
 2458851.5000300002284348      10.5510000000000002      -0.1390430000000000     -14.5220000000000002       0.0000000000000000
 2458852.5000300002284348      10.7269000000000005       0.0664086000000000      10.5968999999999998       0.0000000000000000
 2458853.5000300002284348      10.5510000000000002      -0.1390430000000000     -14.6455000000000002       0.0000000000000000
 2458854.5000300002284348      10.7269000000000005       0.0767849000000000      12.4598999999999993       0.0000000000000000
 2458855.5000300002284348      10.3751999999999995      -0.1722470000000000     -19.3887000000000000       0.0000000000000000
 2458856.5000300002284348      10.6388999999999996       0.0809355000000000      14.2809000000000008       0.0000000000000000
 2458857.5000300002284348      10.3751999999999995      -0.1680970000000000     -19.1797000000000004       0.0000000000000000
 2458858.5000300002284348      10.6388999999999996       0.0954624000000000      13.3973999999999993       0.0000000000000000
 2458859.5000300002284348      10.3751999999999995      -0.1680970000000000     -18.9467999999999996       0.0000000000000000
 2458860.5000300002284348      10.8148000000000000       0.0062258100000000       4.5683100000000003       0.0000000000000000
 2458861.5000300002284348      10.5510000000000002      -0.1390430000000000     -14.9580000000000002       0.0000000000000000
 2458862.5000300002284348      10.7269000000000005       0.0207527000000000       6.5936899999999996       0.0000000000000000
 2458863.5000300002284348      10.3751999999999995      -0.1535700000000000     -18.4078000000000017       0.0000000000000000
 2458864.5000300002284348      10.5510000000000002      -0.1162150000000000     -16.3583999999999996       0.0000000000000000
 2458865.5000300002284348      10.3751999999999995      -0.1514950000000000     -18.1071999999999989       0.0000000000000000
 2458866.5000300002284348      10.7269000000000005      -0.0684839000000000     -10.1942000000000004       0.0000000000000000
 2458867.5000300002284348      10.3751999999999995      -0.1494190000000000     -17.7734999999999985       0.0000000000000000
 2458868.5000300002284348      10.5510000000000002      -0.0103763000000000     -15.1682000000000006       0.0000000000000000
 2458869.5000300002284348       0.0000000000000000     -49.9620000000000033     -49.9609999999999985       1.0000000000000000
 2458870.5000300002284348      10.3751999999999995      -6.3626899999999997     -18.8661999999999992       0.0000000000000000
 2458871.5000300002284348       0.0000000000000000     -49.9620000000000033     -49.9609999999999985       1.0000000000000000
 2458872.5000300002284348      10.8148000000000000       0.0622581000000000       0.1722470000000000       0.0000000000000000
 2458873.5000300002284348       0.0000000000000000     -49.9620000000000033     -49.9609999999999985       1.0000000000000000
 2458874.5000300002284348      10.5510000000000002       0.0020752700000000     -14.8557000000000006       0.0000000000000000
 2458875.5000300002284348       0.0000000000000000     -49.9620000000000033     -49.9609999999999985       1.0000000000000000
 2458876.5000300002284348      10.6388999999999996      -0.0539570000000000     -13.6598000000000006       0.0000000000000000
 2458877.5000300002284348       0.0000000000000000     -49.9620000000000033     -49.9609999999999985       1.0000000000000000
 2458878.5000300002284348      10.5510000000000002      -0.0664086000000000     -15.5868000000000002       0.0000000000000000
 2458879.5000300002284348       0.0000000000000000     -49.9620000000000033     -49.9609999999999985       1.0000000000000000
 2458880.5000300002284348      10.3751999999999995      -6.6823699999999997     -18.4922000000000004       0.0000000000000000
 2458881.5000300002284348       0.0000000000000000     -49.9620000000000033     -49.9609999999999985       1.0000000000000000
 2458882.5000300002284348      10.6388999999999996       0.0415054000000000      13.2238000000000007       0.0000000000000000
 2458883.5000300002284348       9.9355899999999995      -0.0954624000000000     -18.7892000000000010       1.0000000000000000
 2458884.5000300002284348      10.4631000000000007       0.0166022000000000     -17.5563000000000002       0.0000000000000000
 2458885.5000300002284348      10.6388999999999996      -0.1660220000000000     -17.4289999999999985       0.0000000000000000
 2458886.5000300002284348      10.5510000000000002      -3.8711899999999999     -12.2341999999999995       0.0000000000000000
 2458887.5000300002284348      10.8148000000000000      -0.2075270000000000     -16.0323999999999991       0.0000000000000000
 2458888.5000300002284348      10.7269000000000005       0.0290538000000000      -5.9646200000000000       0.0000000000000000
 2458889.5000300002284348      10.6388999999999996      -0.1867740000000000     -14.6357999999999997       0.0000000000000000
 2458890.5000300002284348      10.6388999999999996       0.1888490000000000      10.4910999999999994       0.0000000000000000
 2458891.5000300002284348      10.5510000000000002      -0.1597960000000000     -13.2469999999999999       0.0000000000000000
 2458892.5000300002284348      10.7269000000000005      -0.0394301000000000       8.7073000000000000       0.0000000000000000
 2458893.5000300002284348      10.3751999999999995      -0.1141400000000000     -18.3382000000000005       0.0000000000000000
 2458894.5000300002284348      10.4631000000000007      -0.1390430000000000     -16.8155999999999999       0.0000000000000000
 2458895.5000300002284348      10.4631000000000007      -0.1867740000000000     -16.9409999999999989       0.0000000000000000
 2458896.5000300002284348      10.5510000000000002      -0.1058390000000000     -12.6837000000000000       0.0000000000000000
 2458897.5000300002284348      10.4631000000000007      -0.1514950000000000     -15.5192999999999994       0.0000000000000000
 2458898.5000300002284348      10.6388999999999996      -0.0373548000000000      12.7338000000000005       0.0000000000000000
 2458899.5000300002284348      10.5510000000000002       0.1099890000000000     -14.1014999999999997       0.0000000000000000
 2458900.5000300002284348      10.5510000000000002      -0.0311290000000000      14.0435999999999996       0.0000000000000000
 2458901.5000300002284348      10.6388999999999996       4.4301300000000001      -7.7796200000000004       0.0000000000000000
 2458902.5000300002284348      10.4631000000000007      -0.1950750000000000     -15.3071000000000002       0.0000000000000000
 2458903.5000300002284348      10.5510000000000002      -0.0830108000000000     -11.3047000000000004       0.0000000000000000
 2458904.5000300002284348      10.4631000000000007      -0.0290538000000000      16.5262999999999991       0.0000000000000000
 2458905.5000300002284348      10.6388999999999996      -0.0726344000000000      -9.8463399999999996       0.0000000000000000
 2458906.5000300002284348      10.4631000000000007      -0.1016880000000000     -15.5481999999999996       0.0000000000000000
 2458907.5000300002284348      10.6388999999999996      -0.0913118000000000      -8.4123699999999992       0.0000000000000000
 2458908.5000300002284348      10.3751999999999995      -0.0332043000000000      19.1705000000000005       0.0000000000000000
 2458909.5000300002284348      10.6388999999999996       0.3237420000000000      -9.4558099999999996       0.0000000000000000
 2458910.5000300002284348      10.6388999999999996      -0.2054520000000000     -10.2164999999999999       0.0000000000000000
 2458911.5000300002284348      10.4631000000000007       2.3699599999999998     -14.8924000000000003       0.0000000000000000
 2458912.5000300002284348      10.3751999999999995       0.1224410000000000     -16.6496999999999993       0.0000000000000000
 2458913.5000300002284348      10.4631000000000007       1.3572299999999999     -14.8363999999999994       0.0000000000000000
 2458914.5000300002284348      10.5510000000000002      -0.6931400000000000      12.8514999999999997       0.0000000000000000
 2458915.5000300002284348      10.6388999999999996       8.2333800000000004      -4.6116299999999999       0.0000000000000000
 2458916.5000300002284348      10.6388999999999996       7.0824999999999996      -6.0904400000000001       0.0000000000000000
 2458917.5000300002284348      10.6388999999999996      -3.3391099999999998       0.4461830000000000       0.0000000000000000
 2458918.5000300002284348      10.3751999999999995      -0.1930000000000000     -17.6909999999999989       0.0000000000000000
 2458919.5000300002284348      10.3751999999999995      11.8437000000000001      12.7144999999999992       0.0000000000000000
 2458920.5000300002284348      10.2873000000000001       0.2531830000000000      19.1430000000000007       0.0000000000000000
 2458921.5000300002284348      10.3751999999999995     -15.4710999999999999      -2.1271499999999999       0.0000000000000000
 2458922.5000300002284348      10.2873000000000001     -16.6672000000000011      -2.1769599999999998       0.0000000000000000
 2458923.5000300002284348      10.3751999999999995       1.0521600000000000      18.3198000000000008       0.0000000000000000
 2458924.5000300002284348      10.3751999999999995      -0.1328170000000000      18.0118000000000009       0.0000000000000000
 2458925.5000300002284348      10.1113999999999997      -9.0394199999999998     -19.5482000000000014       0.0000000000000000
 2458926.5000300002284348      10.6388999999999996      -0.1473440000000000       7.8306500000000003       0.0000000000000000
 2458927.5000300002284348      10.6388999999999996       0.0249032000000000      -6.3482500000000002       0.0000000000000000
 2458928.5000300002284348      10.6388999999999996       0.0601828000000000      -7.5156200000000002       0.0000000000000000
 2458929.5000300002284348      10.5510000000000002      -0.1763980000000000      12.3191000000000006       0.0000000000000000
 2458930.5000300002284348      10.1992999999999991      -0.2428060000000000     -19.1301999999999985       0.0000000000000000
 2458931.5000300002284348      10.5510000000000002      -0.6412580000000000      -8.7296700000000005       0.0000000000000000
 2458932.5000300002284348      10.4631000000000007       0.2448820000000000      14.1014999999999997       0.0000000000000000
 2458933.5000300002284348      10.6388999999999996      -0.5188170000000000      -2.5110800000000002       0.0000000000000000
 2458934.5000300002284348      10.5510000000000002       0.1514950000000000       8.0645600000000002       0.0000000000000000
 2458935.5000300002284348      10.5510000000000002       0.4939140000000000      -9.4964899999999997       0.0000000000000000
 2458936.5000300002284348      10.5510000000000002      -0.2013010000000000     -10.2754999999999992       0.0000000000000000
 2458937.5000300002284348      10.3751999999999995      -0.2697850000000000     -15.9590999999999994       0.0000000000000000
 2458938.5000300002284348      10.1992999999999991      -0.1265910000000000     -18.7268000000000008       0.0000000000000000
 2458939.5000300002284348      10.6388999999999996      -0.4441080000000000      -0.0456559000000000       0.0000000000000000
 2458940.5000300002284348      10.1992999999999991       0.0913118000000000     -18.2648000000000010       0.0000000000000000
 2458941.5000300002284348      10.4631000000000007       0.5520220000000000      12.6972000000000005       0.0000000000000000
 2458942.5000300002284348      10.2873000000000001      -0.0560323000000000     -16.6573999999999991       0.0000000000000000
 2458943.5000300002284348      10.5510000000000002       0.4752370000000000       6.7793099999999997       0.0000000000000000
 2458944.5000300002284348      10.2873000000000001       0.1577200000000000     -17.2823999999999991       0.0000000000000000
 2458945.5000300002284348      10.3751999999999995      -0.5229680000000000     -14.9598999999999993       0.0000000000000000
 2458946.5000300002284348      10.6388999999999996      -0.2282800000000000       4.0795000000000003       0.0000000000000000
 2458947.5000300002284348      10.5510000000000002       1.2036600000000000       5.6119399999999997       0.0000000000000000
 2458948.5000300002284348      10.5510000000000002       1.2410099999999999       4.6714399999999996       0.0000000000000000
 2458949.5000300002284348      10.1113999999999997      -0.5956020000000000     -19.5077999999999996       0.0000000000000000
 2458950.5000300002284348      10.5510000000000002      -0.2448820000000000       3.5756899999999998       0.0000000000000000
 2458951.5000300002284348      10.5510000000000002      -0.2801610000000000      -0.1182900000000000       0.0000000000000000
 2458952.5000300002284348      10.1113999999999997      -0.3652470000000000     -19.5115000000000016       0.0000000000000000
 2458953.5000300002284348      10.1113999999999997      -0.4544840000000000     -18.8552000000000000       0.0000000000000000
 2458954.5000300002284348      10.3751999999999995      -0.3092150000000000     -11.6524999999999999       0.0000000000000000
 2458955.5000300002284348      10.1992999999999991      -0.4109030000000000     -17.0818000000000012       0.0000000000000000
 2458956.5000300002284348      10.4631000000000007      -0.4275050000000000     -10.4138000000000002       0.0000000000000000
 2458957.5000300002284348      10.2873000000000001       0.0560323000000000     -15.5617999999999999       0.0000000000000000
 2458958.5000300002284348      10.5510000000000002      -0.2863870000000000      -1.1974300000000000       0.0000000000000000
 2458959.5000300002284348      10.5510000000000002      -0.5623980000000000      -1.2991200000000001       0.0000000000000000
 2458960.5000300002284348      10.1992999999999991       2.7601100000000001      18.4023000000000003       0.0000000000000000
 2458961.5000300002284348      10.4631000000000007       0.3943010000000000       8.0096399999999992       0.0000000000000000
 2458962.5000300002284348      10.5510000000000002      -0.0996129000000000       7.1237500000000002       0.0000000000000000
 2458963.5000300002284348      10.5510000000000002      -0.0664086000000000      -5.6181200000000002       0.0000000000000000
 2458964.5000300002284348      10.1113999999999997      -0.2448820000000000     -18.0777999999999999       0.0000000000000000
 2458965.5000300002284348      10.1992999999999991      -0.4814620000000000     -17.2631000000000014       0.0000000000000000
 2458966.5000300002284348      10.3751999999999995     -10.1966000000000001      -1.6934199999999999       0.0000000000000000
 2458967.5000300002284348      10.5510000000000002      -0.3860000000000000      -4.5621299999999998       0.0000000000000000
 2458968.5000300002284348      10.5510000000000002      -0.2033760000000000      -2.8099099999999999       0.0000000000000000
 2458969.5000300002284348      10.0235000000000003     -10.4192000000000000     -18.0154999999999994       0.0000000000000000
 2458970.5000300002284348      10.4631000000000007      -0.2013010000000000       5.6201900000000000       0.0000000000000000
 2458971.5000300002284348      10.3751999999999995       0.0228280000000000      12.1416000000000004       0.0000000000000000
 2458972.5000300002284348      10.4631000000000007       0.4503330000000000       6.6720600000000001       0.0000000000000000
 2458973.5000300002284348      10.4631000000000007      -0.4939140000000000      -5.4428099999999997       0.0000000000000000
 2458974.5000300002284348      10.2873000000000001       0.4358060000000000      13.4918999999999993       0.0000000000000000
 2458975.5000300002284348      10.5510000000000002      -0.2656340000000000       3.0049899999999998       0.0000000000000000
 2458976.5000300002284348      10.4631000000000007      -0.2033760000000000       6.8019999999999996       0.0000000000000000
 2458977.5000300002284348      10.4631000000000007      -0.4856130000000000      -2.2993999999999999       0.0000000000000000
 2458978.5000300002284348      10.5510000000000002      -0.2158280000000000       1.3011900000000001       0.0000000000000000
 2458979.5000300002284348      10.4631000000000007      -0.3735480000000000      -5.9501900000000001       0.0000000000000000
 2458980.5000300002284348      10.1113999999999997      -0.1141400000000000      18.5820000000000007       0.0000000000000000
 2458981.5000300002284348      10.3751999999999995      -4.0300000000000002      -7.7713799999999997       0.0000000000000000
 2458982.5000300002284348      10.1113999999999997       0.2241290000000000     -16.5513000000000012       0.0000000000000000
 2458983.5000300002284348      10.3751999999999995      -0.4939140000000000      11.7786000000000008       0.0000000000000000
 2458984.5000300002284348      10.2873000000000001       0.2137530000000000     -13.3801000000000005       0.0000000000000000
 2458985.5000300002284348      10.4631000000000007       0.0435806000000000      -1.5419200000000000       0.0000000000000000
 2458986.5000300002284348      10.4631000000000007      -0.0311290000000000      -0.5540970000000000       0.0000000000000000
 2458987.5000300002284348      10.2873000000000001      -0.4897630000000000      13.7426999999999992       0.0000000000000000
 2458988.5000300002284348      10.2873000000000001      -0.1888490000000000      12.4849999999999994       0.0000000000000000
 2458989.5000300002284348      10.4631000000000007      -1.7349200000000000      -1.7370000000000001       0.0000000000000000
 2458990.5000300002284348      10.3751999999999995       1.8739699999999999      -6.4534399999999996       0.0000000000000000
 2458991.5000300002284348      10.2873000000000001       9.5554799999999993       6.6122500000000004       0.0000000000000000
 2458992.5000300002284348      10.1992999999999991      -0.0435806000000000      15.4151000000000007       0.0000000000000000
 2458993.5000300002284348      10.3751999999999995       0.4378820000000000       8.8679900000000007       0.0000000000000000
 2458994.5000300002284348      10.3751999999999995      -0.1784730000000000       8.0909999999999993       0.0000000000000000
 2458995.5000300002284348      10.4631000000000007      -0.2407310000000000       5.2860600000000000       0.0000000000000000
 2458996.5000300002284348      10.3751999999999995       0.4088280000000000       7.1237500000000002       0.0000000000000000
 2458997.5000300002284348      10.0235000000000003       0.5374949999999999      18.7854999999999990       0.0000000000000000
 2458998.5000300002284348      10.1113999999999997      -0.1577200000000000      18.0686999999999998       0.0000000000000000
 2458999.5000300002284348      10.2873000000000001       0.1120650000000000      11.8947000000000003       0.0000000000000000
 2459000.5000300002284348      10.2873000000000001       0.0311290000000000      12.8379999999999992       0.0000000000000000
 2459001.5000300002284348      10.4631000000000007       0.5312690000000000       3.2498700000000000       0.0000000000000000
 2459002.5000300002284348      10.3751999999999995       5.6470000000000002       3.3826900000000002       0.0000000000000000
 2459003.5000300002284348      10.1992999999999991       0.4856130000000000      14.4603000000000002       0.0000000000000000
 2459004.5000300002284348      10.1992999999999991      -0.1805480000000000      13.7292000000000005       0.0000000000000000
 2459005.5000300002284348      10.1113999999999997      -0.1743230000000000     -16.2272999999999996       0.0000000000000000
 2459006.5000300002284348      10.1992999999999991       0.2718600000000000     -14.3986000000000001       0.0000000000000000
 2459007.5000300002284348      10.3751999999999995      -0.0290538000000000      -7.6950599999999998       0.0000000000000000
 2459008.5000300002284348      10.1992999999999991       0.0975376000000000     -12.4984999999999999       0.0000000000000000
 2459009.5000300002284348      10.3751999999999995       0.4461830000000000      -8.7154399999999992       0.0000000000000000
 2459010.5000300002284348      10.2873000000000001      -0.5333440000000000      -8.8069699999999997       0.0000000000000000
 2459011.5000300002284348      10.1113999999999997      -0.5146670000000000     -14.9772999999999996       0.0000000000000000
 2459012.5000300002284348      10.4631000000000007      -0.4586340000000000      -1.2036600000000000       0.0000000000000000
 2459013.5000300002284348      10.3751999999999995       0.3984520000000000       7.1443700000000003       0.0000000000000000
 2459014.5000300002284348      10.3751999999999995      -0.2241290000000000       6.3709400000000000       0.0000000000000000
 2459015.5000300002284348      10.1992999999999991       2.7082299999999999      14.4198000000000004       0.0000000000000000
 2459016.5000300002284348      10.1992999999999991       2.2765700000000000      13.6250000000000000       0.0000000000000000
 2459017.5000300002284348      10.2873000000000001       1.6145600000000000      12.8457000000000008       0.0000000000000000
 2459018.5000300002284348      10.2873000000000001       1.1912000000000000      12.0587000000000000       0.0000000000000000
 2459019.5000300002284348      10.4631000000000007      -0.0809355000000000       3.0734699999999999       0.0000000000000000
 2459020.5000300002284348      10.2873000000000001      -0.3382690000000000      -9.1934299999999993       0.0000000000000000
 2459021.5000300002284348      10.1113999999999997     -10.7180000000000000     -12.2207000000000008       0.0000000000000000
 2459022.5000300002284348      10.2873000000000001      -0.2158280000000000      12.2728000000000002       0.0000000000000000
 2459023.5000300002284348      10.3751999999999995      -0.4067530000000000       4.0980600000000003       0.0000000000000000
 2459024.5000300002284348      10.3751999999999995       0.2967630000000000       4.6776299999999997       0.0000000000000000
 2459025.5000300002284348      10.2873000000000001       7.4434399999999998       9.8524399999999996       0.0000000000000000
 2459026.5000300002284348      10.3751999999999995       2.0897999999999999       5.0963099999999999       0.0000000000000000
 2459027.5000300002284348       9.9355899999999995       0.2116770000000000     -18.4499999999999993       0.0000000000000000
 2459028.5000300002284348      10.2873000000000001       0.4793870000000000      11.4917999999999996       0.0000000000000000
 2459029.5000300002284348      10.1113999999999997      -0.1618710000000000      17.1204000000000001       0.0000000000000000
 2459030.5000300002284348      10.1113999999999997      -0.4067530000000000     -15.9784000000000006       0.0000000000000000
 2459031.5000300002284348       9.9355899999999995      -0.5374949999999999     -19.5427000000000000       0.0000000000000000
 2459032.5000300002284348      10.1992999999999991       0.4046770000000000      13.2759000000000000       0.0000000000000000
 2459033.5000300002284348      10.0235000000000003      12.1936999999999998      13.2064000000000004       0.0000000000000000
 2459034.5000300002284348      10.1992999999999991      -0.0020752700000000      14.4795999999999996       0.0000000000000000
 2459035.5000300002284348      10.2873000000000001      -0.0726344000000000      12.0817999999999994       0.0000000000000000
 2459036.5000300002284348      10.2873000000000001       0.0892366000000000       9.0551100000000009       0.0000000000000000
 2459037.5000300002284348      10.3751999999999995      -0.0186774000000000       5.3190600000000003       0.0000000000000000
 2459038.5000300002284348      10.3751999999999995       0.5042900000000000      -5.9151199999999999       0.0000000000000000
 2459039.5000300002284348      10.1992999999999991      -0.3175160000000000     -13.0463000000000005       0.0000000000000000
 2459040.5000300002284348      10.1992999999999991      -0.0622581000000000      14.2326999999999995       0.0000000000000000
 2459041.5000300002284348       9.9355899999999995     -12.4069000000000003      15.2300000000000004       0.0000000000000000
 2459042.5000300002284348       9.9355899999999995     -11.8652999999999995      16.0381999999999998       0.0000000000000000
 2459043.5000300002284348      10.0235000000000003      -0.3382690000000000      18.6993000000000009       0.0000000000000000
 2459044.5000300002284348      10.3751999999999995       0.0062258100000000       1.0583899999999999       0.0000000000000000
 2459045.5000300002284348      10.1992999999999991      13.2431000000000001       5.7439400000000003       0.0000000000000000
 2459046.5000300002284348      10.3751999999999995       0.5478710000000000      -3.6896900000000001       0.0000000000000000
 2459047.5000300002284348      10.1992999999999991      -3.2602500000000001     -13.2971000000000004       0.0000000000000000
 2459048.5000300002284348      10.2873000000000001      -0.1058390000000000      11.5061000000000000       0.0000000000000000
 2459049.5000300002284348      10.3751999999999995      -1.1351700000000000      -5.7109399999999999       0.0000000000000000
 2459050.5000300002284348      10.1113999999999997       0.3527960000000000      16.6092000000000013       0.0000000000000000
 2459051.5000300002284348      10.0235000000000003      -1.0729100000000000      17.9347999999999992       0.0000000000000000
 2459052.5000300002284348      10.3751999999999995       0.4254300000000000      -4.1372499999999999       0.0000000000000000
 2459053.5000300002284348      10.3751999999999995      -0.3776990000000000       8.1642200000000003       0.0000000000000000
 2459054.5000300002284348      10.1992999999999991       0.2490320000000000      14.3581000000000003       0.0000000000000000
 2459055.5000300002284348      10.3751999999999995      -0.3465700000000000       8.4306800000000006       0.0000000000000000
 2459056.5000300002284348      10.2873000000000001      -0.5603230000000000      -9.7385400000000004       0.0000000000000000
 2459057.5000300002284348      10.4631000000000007       0.1992260000000000      -2.9821599999999999       0.0000000000000000
 2459058.5000300002284348      10.3751999999999995       0.3133660000000000      -7.4001299999999999       0.0000000000000000
 2459059.5000300002284348      10.0235000000000003      -3.9351300000000000     -16.9775999999999989       0.0000000000000000
 2459060.5000300002284348      10.4631000000000007      -0.2469570000000000       2.2433700000000001       0.0000000000000000
 2459061.5000300002284348      10.1992999999999991      -0.3278920000000000      13.7466000000000008       0.0000000000000000
 2459062.5000300002284348      10.2873000000000001       0.5063660000000000     -10.4239999999999995       0.0000000000000000
 2459063.5000300002284348      10.4631000000000007       4.2671900000000003      -0.4586340000000000       0.0000000000000000
 2459064.5000300002284348      10.2873000000000001       0.4171290000000000     -11.8538999999999994       0.0000000000000000
 2459065.5000300002284348      10.2873000000000001       0.1577200000000000      -9.9785500000000003       0.0000000000000000
 2459066.5000300002284348      10.1992999999999991       8.3798300000000001      13.5381999999999998       0.0000000000000000
 2459067.5000300002284348      10.0235000000000003       0.2905380000000000     -17.4464000000000006       0.0000000000000000
 2459068.5000300002284348      10.4631000000000007      -0.4109030000000000      -3.5072000000000001       0.0000000000000000
 2459069.5000300002284348      10.2873000000000001      -0.3403440000000000     -10.4382000000000001       0.0000000000000000
 2459070.5000300002284348      10.4631000000000007       0.5873010000000000       3.1149800000000001       0.0000000000000000
 2459071.5000300002284348      10.3751999999999995      -0.3776990000000000      -9.3846200000000000       0.0000000000000000
 2459072.5000300002284348      10.3751999999999995       0.4544840000000000      -8.8964599999999994       0.0000000000000000
 2459073.5000300002284348      10.3751999999999995      -0.3673230000000000      -8.3940599999999996       0.0000000000000000
 2459074.5000300002284348      10.3751999999999995       0.4607100000000000      -7.8936999999999999       0.0000000000000000
 2459075.5000300002284348      10.3751999999999995      -0.3548710000000000      -7.3712499999999999       0.0000000000000000
 2459076.5000300002284348      10.3751999999999995       0.4731610000000000      -6.8762499999999998       0.0000000000000000
 2459077.5000300002284348      10.0235000000000003      -0.0041505400000000     -18.9597000000000016       0.0000000000000000
 2459078.5000300002284348      10.3751999999999995       0.1867740000000000      -9.3480100000000004       0.0000000000000000
 2459079.5000300002284348      10.2873000000000001       0.2905380000000000      12.7338000000000005       0.0000000000000000
 2459080.5000300002284348      10.4631000000000007       0.2926130000000000       0.5395700000000000       0.0000000000000000
 2459081.5000300002284348      10.0235000000000003      -0.2739350000000000      19.0751999999999988       0.0000000000000000
 2459082.5000300002284348      10.4631000000000007       0.2718600000000000      -1.3510000000000000       0.0000000000000000
 2459083.5000300002284348      10.3751999999999995       0.0166022000000000       8.8862900000000007       0.0000000000000000
 2459084.5000300002284348      10.4631000000000007       0.2697850000000000      -2.4384399999999999       0.0000000000000000
 2459085.5000300002284348      10.3751999999999995       4.5208700000000004       8.6279699999999995       0.0000000000000000
 2459086.5000300002284348      10.3751999999999995       4.4115599999999997       7.6764999999999999       0.0000000000000000
 2459087.5000300002284348      10.4631000000000007      -0.9006670000000000       8.4815299999999993       0.0000000000000000
 2459088.5000300002284348      10.4631000000000007       4.6776299999999997       4.1289999999999996       0.0000000000000000
 2459089.5000300002284348      10.4631000000000007       0.1058390000000000       3.1170499999999999       0.0000000000000000
 2459090.5000300002284348      10.4631000000000007       0.2594090000000000      -7.9445499999999996       0.0000000000000000
 2459091.5000300002284348      10.3751999999999995      -1.7764300000000000      -8.1540499999999998       0.0000000000000000
 2459092.5000300002284348      10.3751999999999995       0.2531830000000000     -10.0884000000000000       0.0000000000000000
 2459093.5000300002284348      10.3751999999999995      -0.0394301000000000      -9.7303999999999995       0.0000000000000000
 2459094.5000300002284348      10.3751999999999995       0.2365810000000000     -12.1088000000000005       0.0000000000000000
 2459095.5000300002284348      10.5510000000000002      -0.7886020000000000      -2.6625700000000001       0.0000000000000000
 2459096.5000300002284348      10.1992999999999991      -0.2718600000000000     -15.4769000000000005       0.0000000000000000
 2459097.5000300002284348      10.4631000000000007      -0.1514950000000000      -8.4306800000000006       0.0000000000000000
 2459098.5000300002284348      10.1992999999999991       8.6035699999999995     -15.1662999999999997       0.0000000000000000
 2459099.5000300002284348      10.1992999999999991       4.4713700000000003      17.5215999999999994       0.0000000000000000
 2459100.5000300002284348      10.1992999999999991       0.2303550000000000     -16.6573999999999991       0.0000000000000000
 2459101.5000300002284348      10.4631000000000007      -0.0249032000000000       7.9486200000000000       0.0000000000000000
 2459102.5000300002284348      10.5510000000000002       0.1286670000000000       5.5315000000000003       0.0000000000000000
 2459103.5000300002284348      10.4631000000000007      -0.0083010800000000      -7.4021900000000000       0.0000000000000000
 2459104.5000300002284348      10.2873000000000001      15.1239000000000008       3.9351300000000000       0.0000000000000000
 2459105.5000300002284348      10.3751999999999995       0.0809355000000000      12.7743000000000002       0.0000000000000000
 2459106.5000300002284348      10.5510000000000002      -0.0726344000000000      -4.5559399999999997       0.0000000000000000
 2459107.5000300002284348      10.1992999999999991       0.0000000000000000     -17.6817999999999991       0.0000000000000000
 2459108.5000300002284348      10.4631000000000007       0.6412580000000000      -8.8435799999999993       0.0000000000000000
 2459109.5000300002284348      10.5510000000000002       0.0166022000000000      -1.6290899999999999       0.0000000000000000
 2459110.5000300002284348      10.1992999999999991      -1.8303900000000000     -17.2053000000000011       0.0000000000000000
 2459111.5000300002284348      10.5510000000000002       0.0228280000000000       0.1141400000000000       0.0000000000000000
 2459112.5000300002284348      10.1992999999999991       0.4233550000000000     -16.9969000000000001       0.0000000000000000
 2459113.5000300002284348      10.5510000000000002       0.0311290000000000       2.2018599999999999       0.0000000000000000
 2459114.5000300002284348      10.3751999999999995      -0.7346450000000000     -13.2295999999999996       0.0000000000000000
 2459115.5000300002284348      10.5510000000000002       0.4171290000000000      -2.1437499999999998       0.0000000000000000
 2459116.5000300002284348      10.5510000000000002       0.4337310000000000      -3.4760800000000001       0.0000000000000000
 2459117.5000300002284348      10.5510000000000002      -0.2801610000000000       5.8965600000000000       0.0000000000000000
 2459118.5000300002284348      10.5510000000000002      -0.0103763000000000       6.7978699999999996       0.0000000000000000
 2459119.5000300002284348      10.5510000000000002       0.0601828000000000       7.7033100000000001       0.0000000000000000
 2459120.5000300002284348      10.2873000000000001       0.0996129000000000      16.4471999999999987       0.0000000000000000
 2459121.5000300002284348      10.5510000000000002       0.2490320000000000      -3.4511699999999998       0.0000000000000000
 2459122.5000300002284348      10.4631000000000007      -0.4814620000000000      10.9446999999999992       0.0000000000000000
 2459123.5000300002284348      10.2873000000000001      -0.2822370000000000     -15.7431000000000001       0.0000000000000000
 2459124.5000300002284348      10.6388999999999996       0.2428060000000000      -2.3595799999999998       0.0000000000000000
 2459125.5000300002284348      10.4631000000000007       0.7408709999999999      14.0320999999999998       0.0000000000000000
 2459126.5000300002284348      10.3751999999999995       0.0228280000000000      14.3676999999999992       0.0000000000000000
 2459127.5000300002284348      10.5510000000000002       1.0583899999999999       9.1527499999999993       0.0000000000000000
 2459128.5000300002284348      10.3751999999999995      -4.6858700000000004     -14.4526000000000003       0.0000000000000000
 2459129.5000300002284348      10.2873000000000001       0.0518817000000000     -17.2438000000000002       0.0000000000000000
 2459130.5000300002284348      10.5510000000000002       0.1722470000000000      11.3129000000000008       0.0000000000000000
 2459131.5000300002284348      10.1992999999999991       0.1514950000000000     -18.8240000000000016       0.0000000000000000
 2459132.5000300002284348      10.5510000000000002      -0.7761510000000000     -10.2632999999999992       0.0000000000000000
 2459133.5000300002284348      10.5510000000000002      -0.0290538000000000      10.3263999999999996       0.0000000000000000
 2459134.5000300002284348      10.6388999999999996      -0.3258170000000000      -3.8443700000000001       0.0000000000000000
 2459135.5000300002284348      10.5510000000000002       0.1037630000000000      11.7297999999999991       0.0000000000000000
 2459136.5000300002284348      10.5510000000000002       0.6931400000000000      -6.3585599999999998       0.0000000000000000
 2459137.5000300002284348      10.6388999999999996      -0.4918390000000000       4.3373100000000004       0.0000000000000000
 2459138.5000300002284348      10.5510000000000002      -0.7014410000000000     -10.2347999999999999       0.0000000000000000
 2459139.5000300002284348      10.4631000000000007      -0.0145269000000000      13.3028999999999993       0.0000000000000000
 2459140.5000300002284348      10.6388999999999996      -0.5374949999999999      -1.3758999999999999       0.0000000000000000
 2459141.5000300002284348      10.2873000000000001       0.1411180000000000      18.5416999999999987       0.0000000000000000
 2459142.5000300002284348      10.3751999999999995      -0.0601828000000000      18.2098000000000013       0.0000000000000000
 2459143.5000300002284348      10.4631000000000007       0.0809355000000000      15.3803999999999998       0.0000000000000000
 2459144.5000300002284348      10.2873000000000001      -1.2887400000000000     -18.4774999999999991       0.0000000000000000
 2459145.5000300002284348      10.3751999999999995       0.0020752700000000      17.1357999999999997       0.0000000000000000
 2459146.5000300002284348      10.5510000000000002       0.1431940000000000      13.7292000000000005       0.0000000000000000
 2459147.5000300002284348      10.2873000000000001       0.0850860000000000     -17.7257999999999996       0.0000000000000000
 2459148.5000300002284348      10.6388999999999996       3.0859200000000002      -2.0275400000000001       0.0000000000000000
 2459149.5000300002284348      10.4631000000000007       0.0996129000000000     -14.9695000000000000       0.0000000000000000
 2459150.5000300002284348      10.5510000000000002       1.1040399999999999     -11.2660999999999998       0.0000000000000000
 2459151.5000300002284348      10.6388999999999996       8.7784899999999997      -3.4968300000000001       0.0000000000000000
 2459152.5000300002284348      10.4631000000000007       1.6871900000000000     -13.0732999999999997       0.0000000000000000
 2459153.5000300002284348      10.3751999999999995       1.4257100000000000      17.8377000000000017       0.0000000000000000
 2459154.5000300002284348      10.6388999999999996       9.8605800000000006      -2.3325999999999998       0.0000000000000000
 2459155.5000300002284348      10.6388999999999996      -0.2075270000000000      -8.1906599999999994       0.0000000000000000
 2459156.5000300002284348      10.2873000000000001      -0.2801610000000000     -18.9083000000000006       0.0000000000000000
 2459157.5000300002284348      10.3751999999999995      -8.8268400000000007      16.0729000000000006       0.0000000000000000
 2459158.5000300002284348      10.4631000000000007       3.4449500000000000     -13.6887000000000008       0.0000000000000000
 2459159.5000300002284348      10.4631000000000007      -0.0747097000000000      17.1164999999999985       0.0000000000000000
 2459160.5000300002284348      10.2873000000000001      -0.3278920000000000     -19.1173000000000002       0.0000000000000000
 2459161.5000300002284348      10.6388999999999996       0.4420320000000000      10.3995999999999995       0.0000000000000000
 2459162.5000300002284348      10.4631000000000007       9.9175299999999993     -10.2164999999999999       0.0000000000000000
 2459163.5000300002284348      10.4631000000000007      -0.0394301000000000     -16.1732000000000014       0.0000000000000000
 2459164.5000300002284348      10.3751999999999995       3.0880000000000001     -16.6092000000000013       0.0000000000000000
 2459165.5000300002284348      10.6388999999999996      -1.2991200000000001     -10.0213000000000001       0.0000000000000000
 2459166.5000300002284348      10.4631000000000007      -0.2137530000000000     -15.4769000000000005       0.0000000000000000
 2459167.5000300002284348      10.6388999999999996       0.0394301000000000      11.4185999999999996       0.0000000000000000
 2459168.5000300002284348      10.3751999999999995      -0.2179030000000000     -18.1933000000000007       0.0000000000000000
 2459169.5000300002284348      10.7269000000000005       4.4631299999999996      -1.6062600000000000       0.0000000000000000
 2459170.5000300002284348      10.3751999999999995      -0.2158280000000000     -18.9651999999999994       0.0000000000000000
 2459171.5000300002284348      10.6388999999999996       0.1867740000000000       9.0062999999999995       0.0000000000000000
 2459172.5000300002284348      10.4631000000000007      -0.2033760000000000     -16.7616000000000014       0.0000000000000000
 2459173.5000300002284348      10.7269000000000005      -0.0228280000000000      -3.8753099999999998       0.0000000000000000
 2459174.5000300002284348      10.4631000000000007      -0.2967630000000000     -17.1299999999999990       0.0000000000000000
 2459175.5000300002284348      10.6388999999999996       8.6117000000000008      -5.9976200000000004       0.0000000000000000
 2459176.5000300002284348      10.3751999999999995      -0.2054520000000000     -17.5234999999999985       0.0000000000000000
 2459177.5000300002284348      10.7269000000000005       0.1701720000000000       1.3696800000000000       0.0000000000000000
 2459178.5000300002284348      10.3751999999999995      -0.1930000000000000     -17.8652000000000015       0.0000000000000000
 2459179.5000300002284348      10.7269000000000005       0.0186774000000000       7.2763700000000000       0.0000000000000000
 2459180.5000300002284348      10.3751999999999995      -0.1930000000000000     -18.1951999999999998       0.0000000000000000
 2459181.5000300002284348      10.7269000000000005       0.0145269000000000       5.6449400000000001       0.0000000000000000
 2459182.5000300002284348      10.3751999999999995      -0.1888490000000000     -18.4830000000000005       0.0000000000000000
 2459183.5000300002284348      10.5510000000000002      -0.0539570000000000     -12.7589000000000006       0.0000000000000000
 2459184.5000300002284348      10.3751999999999995      -0.1992260000000000     -18.7597999999999985       0.0000000000000000
 2459185.5000300002284348      10.5510000000000002      -0.0622581000000000     -14.4989000000000008       0.0000000000000000
 2459186.5000300002284348      10.3751999999999995      -0.1763980000000000     -19.0055000000000014       0.0000000000000000
 2459187.5000300002284348      10.4631000000000007      -0.0684839000000000     -16.2620000000000005       0.0000000000000000
 2459188.5000300002284348      10.3751999999999995      -0.1743230000000000     -19.2272999999999996       0.0000000000000000
 2459189.5000300002284348      10.6388999999999996       0.2760110000000000      13.0597999999999992       0.0000000000000000
 2459190.5000300002284348      10.3751999999999995      -0.1680970000000000     -19.4253000000000000       0.0000000000000000
 2459191.5000300002284348      10.7269000000000005       0.0539570000000000      -0.1286670000000000       0.0000000000000000
 2459192.5000300002284348      10.6388999999999996      -0.1639460000000000     -11.6341999999999999       0.0000000000000000
 2459193.5000300002284348      10.7269000000000005       0.0560323000000000       1.1538500000000000       0.0000000000000000
 2459194.5000300002284348      10.6388999999999996      -0.1037630000000000     -11.9718999999999998       0.0000000000000000
 2459195.5000300002284348      10.4631000000000007      -0.0539570000000000     -17.3170999999999999       0.0000000000000000
 2459196.5000300002284348      10.6388999999999996      -0.0996129000000000     -12.2863000000000007       0.0000000000000000
 2459197.5000300002284348      10.7269000000000005       0.0269785000000000       6.7751900000000003       0.0000000000000000
 2459198.5000300002284348      10.5510000000000002      -0.1597960000000000     -12.5794999999999995       0.0000000000000000
 2459199.5000300002284348      10.7269000000000005       0.0643333000000000       5.1808699999999996       0.0000000000000000
 2459200.5000300002284348      10.5510000000000002      -0.1743230000000000     -12.8496000000000006       0.0000000000000000
 2459201.5000300002284348      10.7269000000000005      -0.3258170000000000      -1.2783700000000000       0.0000000000000000
 2459202.5000300002284348      10.5510000000000002      -0.0996129000000000     -13.1176999999999992       0.0000000000000000
 2459203.5000300002284348      10.5510000000000002      -0.0228280000000000     -13.4918999999999993       0.0000000000000000
 2459204.5000300002284348      10.5510000000000002      -0.1037630000000000     -13.3627000000000002       0.0000000000000000
 2459205.5000300002284348      10.5510000000000002      -0.0311290000000000     -15.4421999999999997       0.0000000000000000
 2459206.5000300002284348      10.5510000000000002      -0.1037630000000000     -13.5902999999999992       0.0000000000000000
 2459207.5000300002284348      10.4631000000000007      -0.0477312000000000     -18.2190000000000012       0.0000000000000000
 2459208.5000300002284348      10.5510000000000002      -0.1763980000000000     -13.7966999999999995       0.0000000000000000
 2459209.5000300002284348      10.6388999999999996      -0.0207527000000000     -12.5159000000000002       0.0000000000000000
 2459210.5000300002284348      10.5510000000000002      -0.1037630000000000     -14.0089000000000006       0.0000000000000000
 2459211.5000300002284348      10.3751999999999995      12.8881999999999994     -15.4903999999999993       0.0000000000000000
 2459212.5000300002284348      10.5510000000000002      -0.1037630000000000     -14.1959999999999997       0.0000000000000000
 2459213.5000300002284348      10.4631000000000007      12.9943000000000008     -13.4398999999999997       0.0000000000000000
 2459214.5000300002284348      10.4631000000000007      13.0077999999999996     -13.1755999999999993       0.0000000000000000
