Time P3114 A5334 A5335 A5016
 2455197.5000000000000000      11.1663999999999990       0.2697850000000000      16.9332999999999990       0.0000000000000000
 2455198.5000000000000000      11.3423000000000000      -0.4192040000000000      11.3088000000000000       0.0000000000000000
 2455199.5000000000000000      11.4301999999999990       0.1888490000000000       3.5113500000000002       0.0000000000000000
 2455200.5000000000000000      10.7269000000000010      15.0699000000000010     -19.1778000000000010       0.0000000000000000
 2455201.5000000000000000      10.8148000000000000      14.2751000000000000     -18.4390000000000000       0.0000000000000000
 2455202.5000000000000000      11.1663999999999990       0.3818490000000000     -14.4544999999999990       0.0000000000000000
 2455203.5000000000000000      11.3423000000000000       0.1514950000000000       8.5771200000000007       0.0000000000000000
 2455204.5000000000000000      10.9906000000000010      11.9738000000000010     -16.1732000000000010       0.0000000000000000
 2455205.5000000000000000      10.9906000000000010      11.1928000000000000     -15.4190000000000000       0.0000000000000000
 2455206.5000000000000000      11.3423000000000000       0.0726344000000000       9.7649799999999995       0.0000000000000000
 2455207.5000000000000000      11.4301999999999990      -0.4544840000000000       0.1992260000000000       0.0000000000000000
 2455208.5000000000000000      11.1663999999999990       8.8883299999999998     -13.2334000000000000       0.0000000000000000
 2455209.5000000000000000      11.1663999999999990       8.1316799999999994     -12.5294000000000010       0.0000000000000000
 2455210.5000000000000000      11.3423000000000000      -0.2096020000000000      -7.9872600000000000       0.0000000000000000
 2455211.5000000000000000      11.4301999999999990      -0.1680970000000000      -0.1971510000000000       0.0000000000000000
 2455212.5000000000000000      11.4301999999999990       0.1867740000000000       6.1914999999999996       0.0000000000000000
 2455213.5000000000000000      11.3423000000000000       0.1494190000000000      -5.0942499999999997       0.0000000000000000
 2455214.5000000000000000      11.3423000000000000       4.4136199999999999      -8.8964599999999994       0.0000000000000000
 2455215.5000000000000000      11.3423000000000000       3.6773099999999999      -8.1866000000000003       0.0000000000000000
 2455216.5000000000000000      11.3423000000000000      -0.3776990000000000       6.4823100000000000       0.0000000000000000
 2455217.5000000000000000      11.3423000000000000      -0.4420320000000000      -3.5798399999999999       0.0000000000000000
 2455218.5000000000000000      11.3423000000000000      -0.3652470000000000       7.5053099999999997       0.0000000000000000
 2455219.5000000000000000      11.2544000000000000       1.3240200000000000      11.3698000000000000       0.0000000000000000
 2455220.5000000000000000      11.4301999999999990      -0.1494190000000000       1.6166300000000000       0.0000000000000000
 2455221.5000000000000000      11.3423000000000000      -0.4710860000000000      -5.5830599999999997       0.0000000000000000
 2455222.5000000000000000      11.3423000000000000      -1.3842000000000001      -3.1606299999999998       0.0000000000000000
 2455223.5000000000000000      11.3423000000000000      -2.1022500000000002      -2.4488200000000000       0.0000000000000000
 2455224.5000000000000000      11.0785000000000000      -2.9780099999999998     -14.4969000000000000       0.0000000000000000
 2455225.5000000000000000      11.3423000000000000      -0.1763980000000000      -2.5525799999999998       0.0000000000000000
 2455226.5000000000000000      11.1663999999999990       0.0249032000000000      14.7323000000000000       0.0000000000000000
 2455227.5000000000000000      11.0785000000000000       0.1162150000000000     -16.7518999999999990       0.0000000000000000
 2455228.5000000000000000      11.2544000000000000       0.3403440000000000      12.3500000000000000       0.0000000000000000
 2455229.5000000000000000      11.3423000000000000      -0.5291940000000001      -0.8342580000000001       0.0000000000000000
 2455230.5000000000000000      11.0785000000000000       0.2303550000000000      16.6805999999999980       0.0000000000000000
 2455231.5000000000000000      11.1663999999999990       0.3922260000000000     -13.1312000000000000       0.0000000000000000
 2455232.5000000000000000      11.2544000000000000      -8.5601099999999999       4.0134999999999996       0.0000000000000000
 2455233.5000000000000000      11.2544000000000000      -9.2700499999999995       4.7250600000000000       0.0000000000000000
 2455234.5000000000000000      11.2544000000000000      11.7034000000000000       4.3868099999999997       0.0000000000000000
 2455235.5000000000000000      11.1663999999999990      -0.5810750000000000     -12.7261000000000010       0.0000000000000000
 2455236.5000000000000000      11.3423000000000000      -0.3050650000000000       2.7974600000000001       0.0000000000000000
 2455237.5000000000000000      10.9906000000000010       0.3092150000000000      17.8174999999999990       0.0000000000000000
 2455238.5000000000000000      11.0785000000000000     -12.8802000000000000       8.4469499999999993       0.0000000000000000
 2455239.5000000000000000      10.9906000000000010     -13.5952000000000000       9.1791900000000002       0.0000000000000000
 2455240.5000000000000000      10.9906000000000010     -14.3393000000000000       9.9602400000000006       0.0000000000000000
 2455241.5000000000000000      10.9026999999999990     -15.0678000000000000      10.7067000000000000       0.0000000000000000
 2455242.5000000000000000      11.2544000000000000       0.1369680000000000      10.4830000000000010       0.0000000000000000
 2455243.5000000000000000      11.3423000000000000      -0.2801610000000000       6.2348100000000004       0.0000000000000000
 2455244.5000000000000000      10.8148000000000000     -17.3470000000000010      12.9923000000000000       0.0000000000000000
 2455245.5000000000000000      10.7269000000000010     -18.0833000000000010      13.7562000000000000       0.0000000000000000
 2455246.5000000000000000      11.3423000000000000      -0.3963760000000000       5.6078099999999997       0.0000000000000000
 2455247.5000000000000000      11.1663999999999990      -0.2780860000000000      12.4715000000000010       0.0000000000000000
 2455248.5000000000000000      10.9026999999999990       0.0850860000000000     -19.2474999999999990       0.0000000000000000
 2455249.5000000000000000      11.2544000000000000      -0.1971510000000000       9.7426100000000009       0.0000000000000000
 2455250.5000000000000000      11.3423000000000000      -0.0415054000000000       1.7785100000000000       0.0000000000000000
 2455251.5000000000000000      11.3423000000000000       0.1348920000000000       2.7351999999999999       0.0000000000000000
 2455252.5000000000000000      11.0785000000000000      -0.1348920000000000     -14.0398000000000000       0.0000000000000000
 2455253.5000000000000000      11.0785000000000000       0.0664086000000000     -13.0925999999999990       0.0000000000000000
 2455254.5000000000000000      11.2544000000000000       0.2905380000000000      -4.3228799999999996       0.0000000000000000
 2455255.5000000000000000      11.0785000000000000      -0.0767849000000000     -14.0533000000000000       0.0000000000000000
 2455256.5000000000000000      10.9906000000000010       0.1971510000000000      17.4618000000000000       0.0000000000000000
 2455257.5000000000000000      11.2544000000000000      -0.1660220000000000       4.2197500000000003       0.0000000000000000
 2455258.5000000000000000      11.2544000000000000       0.0103763000000000      -6.4101200000000000       0.0000000000000000
 2455259.5000000000000000      10.9026999999999990      -4.9581299999999997     -16.7249000000000020       0.0000000000000000
 2455260.5000000000000000      11.3423000000000000       0.0435806000000000       2.4052400000000000       0.0000000000000000
 2455261.5000000000000000      10.8148000000000000      -5.2427500000000000     -17.9110000000000010       0.0000000000000000
 2455262.5000000000000000      10.9906000000000010      -0.0809355000000000     -16.8484000000000020       0.0000000000000000
 2455263.5000000000000000      10.9906000000000010      -0.0664086000000000     -15.8704000000000000       0.0000000000000000
 2455264.5000000000000000      11.2544000000000000       0.1473440000000000       0.2656340000000000       0.0000000000000000
 2455265.5000000000000000      11.0785000000000000       0.0830108000000000     -13.1755999999999990       0.0000000000000000
 2455266.5000000000000000      10.9026999999999990      -0.2677100000000000      18.3033000000000000       0.0000000000000000
 2455267.5000000000000000      11.0785000000000000       1.7536000000000000     -12.1069000000000000       0.0000000000000000
 2455268.5000000000000000      11.2544000000000000       0.1141400000000000      -1.4734400000000001       0.0000000000000000
 2455269.5000000000000000      11.2544000000000000      -0.1618710000000000       0.3901510000000000       0.0000000000000000
 2455270.5000000000000000      11.0785000000000000       0.0664086000000000      14.6783000000000000       0.0000000000000000
 2455271.5000000000000000      10.9906000000000010      -1.2804400000000000      15.0254999999999990       0.0000000000000000
 2455272.5000000000000000      11.1663999999999990       0.0622581000000000      -6.3482500000000002       0.0000000000000000
 2455273.5000000000000000      11.1663999999999990       5.9728800000000000       5.3747499999999997       0.0000000000000000
 2455274.5000000000000000      11.0785000000000000       0.1058390000000000      12.1571000000000000       0.0000000000000000
 2455275.5000000000000000      11.1663999999999990      -0.6661610000000000      -9.6775199999999995       0.0000000000000000
 2455276.5000000000000000      11.2544000000000000       0.0560323000000000       3.2270400000000001       0.0000000000000000
 2455277.5000000000000000      10.9026999999999990      -1.2596900000000000     -16.1327000000000000       0.0000000000000000
 2455278.5000000000000000      11.0785000000000000       2.1375299999999999      12.8149000000000000       0.0000000000000000
 2455279.5000000000000000      11.0785000000000000      11.8774000000000000       3.2726999999999999       0.0000000000000000
 2455280.5000000000000000      10.9906000000000010       0.0290538000000000      13.5267000000000000       0.0000000000000000
 2455281.5000000000000000      11.1663999999999990       0.5603230000000000      -7.0990000000000002       0.0000000000000000
 2455282.5000000000000000      10.9906000000000010       0.2241290000000000      14.0012000000000010       0.0000000000000000
 2455283.5000000000000000      10.9026999999999990       0.1411180000000000     -16.3777000000000010       0.0000000000000000
 2455284.5000000000000000      10.9026999999999990       0.0041505400000000      16.6226999999999980       0.0000000000000000
 2455285.5000000000000000      11.0785000000000000       0.0913118000000000      -9.7548100000000009       0.0000000000000000
 2455286.5000000000000000      10.9906000000000010      -5.7336200000000002      11.6992999999999990       0.0000000000000000
 2455287.5000000000000000      10.9906000000000010       0.8280320000000000      14.5336000000000000       0.0000000000000000
 2455288.5000000000000000      10.9906000000000010      -7.6414400000000002      11.0525000000000000       0.0000000000000000
 2455289.5000000000000000      11.0785000000000000      -3.2332700000000001       9.3724200000000000       0.0000000000000000
 2455290.5000000000000000      10.8148000000000000       0.2158280000000000      17.8284999999999980       0.0000000000000000
 2455291.5000000000000000      10.8148000000000000      -9.3723299999999998     -14.5683000000000010       0.0000000000000000
 2455292.5000000000000000      10.7269000000000010      -0.0477312000000000     -18.7745000000000000       0.0000000000000000
 2455293.5000000000000000      10.8148000000000000      -0.0726344000000000      18.2152999999999990       0.0000000000000000
 2455294.5000000000000000      10.9906000000000010      -0.0124516000000000     -12.0162000000000000       0.0000000000000000
 2455295.5000000000000000      10.9026999999999990      -2.7372800000000002      13.3453000000000000       0.0000000000000000
 2455296.5000000000000000      10.7269000000000010       0.2282800000000000      18.1254999999999990       0.0000000000000000
 2455297.5000000000000000      10.7269000000000010      -0.0954624000000000      18.6572000000000000       0.0000000000000000
 2455298.5000000000000000      10.6389000000000000     -16.9555000000000010       7.8143700000000003       0.0000000000000000
 2455299.5000000000000000      10.7269000000000010      -0.0933871000000000      18.8404999999999990       0.0000000000000000
 2455300.5000000000000000      10.9906000000000010      -0.0933871000000000     -12.1783000000000000       0.0000000000000000
 2455301.5000000000000000      10.7269000000000010      -0.0415054000000000      19.0092000000000000       0.0000000000000000
 2455302.5000000000000000      10.9906000000000010       8.6259399999999999       3.0319699999999998       0.0000000000000000
 2455303.5000000000000000      10.6389000000000000      -0.0352796000000000      19.1557999999999990       0.0000000000000000
 2455304.5000000000000000      10.9906000000000010      -3.6793700000000000      -7.7260000000000000       0.0000000000000000
 2455305.5000000000000000      10.6389000000000000      -0.0269785000000000      19.2787000000000010       0.0000000000000000
 2455306.5000000000000000      11.0785000000000000       0.2448820000000000       2.4010899999999999       0.0000000000000000
 2455307.5000000000000000      10.6389000000000000      -0.0207527000000000      19.3758000000000020       0.0000000000000000
 2455308.5000000000000000      10.6389000000000000       0.0435806000000000     -18.3180000000000010       0.0000000000000000
 2455309.5000000000000000      10.6389000000000000      -0.0103763000000000      19.4492000000000010       0.0000000000000000
 2455310.5000000000000000      10.8148000000000000       0.1265910000000000      15.5328000000000000       0.0000000000000000
 2455311.5000000000000000      10.6389000000000000      -0.0041505400000000      19.5004999999999990       0.0000000000000000
 2455312.5000000000000000      10.8148000000000000      -0.0601828000000000     -15.1644000000000010       0.0000000000000000
 2455313.5000000000000000      10.6389000000000000       0.0000000000000000      19.5279999999999990       0.0000000000000000
 2455314.5000000000000000      10.9026999999999990       0.1473440000000000      12.1011000000000010       0.0000000000000000
 2455315.5000000000000000      10.5510000000000000       0.0062258100000000      19.5335000000000000       0.0000000000000000
 2455316.5000000000000000      10.7269000000000010      -0.0560323000000000     -15.0969000000000000       0.0000000000000000
 2455317.5000000000000000      10.5510000000000000       0.0145269000000000      19.5152000000000000       0.0000000000000000
 2455318.5000000000000000      10.9026999999999990       7.3114400000000002      -7.5733800000000002       0.0000000000000000
 2455319.5000000000000000      10.5510000000000000       0.0207527000000000      19.4729999999999990       0.0000000000000000
 2455320.5000000000000000      10.7269000000000010      11.8050999999999990      -9.6307399999999994       0.0000000000000000
 2455321.5000000000000000      10.5510000000000000       0.0269785000000000      19.4070000000000000       0.0000000000000000
 2455322.5000000000000000      10.6389000000000000       8.0259099999999997     -16.1887000000000010       0.0000000000000000
 2455323.5000000000000000      10.5510000000000000       0.0332043000000000      19.3207999999999980       0.0000000000000000
 2455324.5000000000000000      10.9906000000000010       0.0394301000000000       4.4363099999999998       0.0000000000000000
 2455325.5000000000000000      10.5510000000000000       0.0394301000000000      19.1301999999999990       0.0000000000000000
 2455326.5000000000000000      10.9906000000000010       4.3558800000000000       4.9828700000000001       0.0000000000000000
 2455327.5000000000000000      10.5510000000000000       0.0290538000000000      18.9926999999999990       0.0000000000000000
 2455328.5000000000000000      10.8148000000000000       0.0103763000000000     -12.4309999999999990       0.0000000000000000
 2455329.5000000000000000      10.5510000000000000       0.0311290000000000      18.8332000000000010       0.0000000000000000
 2455330.5000000000000000      10.6389000000000000       0.1556450000000000      18.0962000000000000       0.0000000000000000
 2455331.5000000000000000      10.5510000000000000       0.0311290000000000      18.6517000000000020       0.0000000000000000
 2455332.5000000000000000      10.9026999999999990      -0.0249032000000000      -7.4310600000000004       0.0000000000000000
 2455333.5000000000000000      10.5510000000000000      -0.0249032000000000      18.4555000000000010       0.0000000000000000
 2455334.5000000000000000      10.6389000000000000       0.4067530000000000      16.3565000000000000       0.0000000000000000
 2455335.5000000000000000      10.5510000000000000      -0.0249032000000000      18.2410000000000000       0.0000000000000000
 2455336.5000000000000000      10.9906000000000010       0.0622581000000000      -1.1476200000000001       0.0000000000000000
 2455337.5000000000000000      10.5510000000000000      -0.0228280000000000      18.0027000000000010       0.0000000000000000
 2455338.5000000000000000      10.8148000000000000       0.1182900000000000      11.1745000000000000       0.0000000000000000
 2455339.5000000000000000      10.5510000000000000      -0.0249032000000000      17.7423000000000000       0.0000000000000000
 2455340.5000000000000000      10.9026999999999990       0.0871613000000000       9.1812199999999997       0.0000000000000000
 2455341.5000000000000000      10.5510000000000000      -0.0249032000000000      17.4541000000000000       0.0000000000000000
 2455342.5000000000000000      10.9906000000000010       0.0062258100000000       1.1912000000000000       0.0000000000000000
 2455343.5000000000000000      10.6389000000000000      -0.0249032000000000      17.1416000000000000       0.0000000000000000
 2455344.5000000000000000      10.8148000000000000      -0.7014410000000000      11.1095000000000010       0.0000000000000000
 2455345.5000000000000000      10.6389000000000000      -0.0249032000000000      16.8060000000000010       0.0000000000000000
 2455346.5000000000000000      10.8148000000000000      -2.6231399999999998      10.8186000000000000       0.0000000000000000
 2455347.5000000000000000      10.6389000000000000       0.0539570000000000      16.4625999999999980       0.0000000000000000
 2455348.5000000000000000      10.8148000000000000      -0.0664086000000000     -10.5847000000000000       0.0000000000000000
 2455349.5000000000000000      10.6389000000000000       0.0539570000000000      16.1038000000000000       0.0000000000000000
 2455350.5000000000000000      10.8148000000000000      -0.0643333000000000      -9.0307099999999991       0.0000000000000000
 2455351.5000000000000000      10.6389000000000000       0.0498065000000000      15.7219000000000000       0.0000000000000000
 2455352.5000000000000000      10.8148000000000000       0.0394301000000000       9.7893899999999991       0.0000000000000000
 2455353.5000000000000000      10.6389000000000000       0.0601828000000000      15.3245000000000000       0.0000000000000000
 2455354.5000000000000000      10.4631000000000010      -0.0352796000000000     -18.2483000000000000       0.0000000000000000
 2455355.5000000000000000      10.6389000000000000       0.0581075000000000      14.9059000000000010       0.0000000000000000
 2455356.5000000000000000      10.4631000000000010      -0.1016880000000000     -18.4224999999999990       0.0000000000000000
 2455357.5000000000000000      10.7269000000000010       0.0560323000000000      14.4834000000000000       0.0000000000000000
 2455358.5000000000000000      10.9026999999999990      -0.0332043000000000      -6.5173699999999997       0.0000000000000000
 2455359.5000000000000000      10.7269000000000010       0.0539570000000000      14.0494000000000000       0.0000000000000000
 2455360.5000000000000000      10.7269000000000010      -0.0622581000000000     -11.7258000000000000       0.0000000000000000
 2455361.5000000000000000      10.7269000000000010       0.0518817000000000      13.5942000000000010       0.0000000000000000
 2455362.5000000000000000      10.8148000000000000      -0.0622581000000000      -9.9968599999999999       0.0000000000000000
 2455363.5000000000000000      10.7269000000000010       0.0477312000000000      13.1254000000000010       0.0000000000000000
 2455364.5000000000000000      10.9026999999999990      -0.0601828000000000      -4.1083800000000004       0.0000000000000000
 2455365.5000000000000000      10.7269000000000010       0.0622581000000000      12.6450999999999990       0.0000000000000000
 2455366.5000000000000000      10.7269000000000010      -0.0788602000000000     -11.5040999999999990       0.0000000000000000
 2455367.5000000000000000      10.7269000000000010       0.0456559000000000      12.1667000000000010       0.0000000000000000
 2455368.5000000000000000      10.9026999999999990       0.0539570000000000      -2.1562000000000001       0.0000000000000000
 2455369.5000000000000000      10.7269000000000010       0.0415054000000000      11.6565999999999990       0.0000000000000000
 2455370.5000000000000000      10.4631000000000010       0.0352796000000000     -18.0356999999999990       0.0000000000000000
 2455371.5000000000000000      10.8148000000000000       0.0394301000000000      11.1175999999999990       0.0000000000000000
 2455372.5000000000000000      10.7269000000000010       0.1930000000000000      13.0309000000000010       0.0000000000000000
 2455373.5000000000000000      10.8148000000000000       0.0373548000000000      10.5725000000000000       0.0000000000000000
 2455374.5000000000000000      10.7269000000000010       0.1930000000000000      12.0239999999999990       0.0000000000000000
 2455375.5000000000000000      10.8148000000000000       0.0332043000000000      10.0253000000000000       0.0000000000000000
 2455376.5000000000000000      10.8148000000000000       0.1867740000000000      10.9549000000000000       0.0000000000000000
 2455377.5000000000000000      10.8148000000000000       0.0332043000000000       9.4619099999999996       0.0000000000000000
 2455378.5000000000000000      10.9026999999999990      -0.0020752700000000       1.5066500000000000       0.0000000000000000
 2455379.5000000000000000      10.8148000000000000       0.0290538000000000       8.8822200000000002       0.0000000000000000
 2455380.5000000000000000      10.8148000000000000      -0.0020752700000000       7.5300599999999998       0.0000000000000000
 2455381.5000000000000000      10.8148000000000000       0.0269785000000000       8.2455800000000004       0.0000000000000000
 2455382.5000000000000000      10.4631000000000010      -0.0601828000000000     -17.8303000000000010       0.0000000000000000
 2455383.5000000000000000      10.8148000000000000       0.0228280000000000       7.6579400000000000       0.0000000000000000
 2455384.5000000000000000      10.8148000000000000       0.1203660000000000       9.7161600000000004       0.0000000000000000
 2455385.5000000000000000      10.8148000000000000       0.0207527000000000       7.0556900000000002       0.0000000000000000
 2455386.5000000000000000      10.5510000000000000      -5.7975599999999998      14.8363999999999990       0.0000000000000000
 2455387.5000000000000000      10.8148000000000000       0.0186774000000000       6.4431200000000004       0.0000000000000000
 2455388.5000000000000000      10.6389000000000000      -5.0365000000000002      12.8958999999999990       0.0000000000000000
 2455389.5000000000000000      10.9026999999999990       0.0145269000000000       5.8408800000000003       0.0000000000000000
 2455390.5000000000000000      10.9026999999999990      -0.0809355000000000      -3.7515600000000000       0.0000000000000000
 2455391.5000000000000000      10.9026999999999990       0.0124516000000000       5.2262500000000003       0.0000000000000000
 2455392.5000000000000000      10.9026999999999990      -0.0539570000000000       5.5294400000000001       0.0000000000000000
 2455393.5000000000000000      10.7269000000000010      -7.3856900000000003      -6.6246299999999998       0.0000000000000000
 2455394.5000000000000000      10.5510000000000000      -0.1162150000000000     -16.5513000000000010       0.0000000000000000
 2455395.5000000000000000      10.8148000000000000      -6.5771899999999999      -6.0966199999999997       0.0000000000000000
 2455396.5000000000000000      10.6389000000000000      -0.1037630000000000     -14.8653999999999990       0.0000000000000000
 2455397.5000000000000000      10.8148000000000000      -0.7097420000000000      10.5581999999999990       0.0000000000000000
 2455398.5000000000000000      10.9026999999999990      -2.0067800000000000       4.2156200000000004       0.0000000000000000
 2455399.5000000000000000      10.7269000000000010      -0.7076670000000001      11.3759000000000000       0.0000000000000000
 2455400.5000000000000000      10.5510000000000000       0.0352796000000000     -15.8394999999999990       0.0000000000000000
 2455401.5000000000000000      10.9026999999999990       0.0394301000000000      -4.4920000000000000       0.0000000000000000
 2455402.5000000000000000      10.9026999999999990       0.2324300000000000      -5.4345600000000003       0.0000000000000000
 2455403.5000000000000000      10.9026999999999990      -0.7595480000000000       0.0747097000000000       0.0000000000000000
 2455404.5000000000000000      10.9026999999999990      -0.1701720000000000      -1.1849799999999999       0.0000000000000000
 2455405.5000000000000000      10.8148000000000000      -0.3320430000000000      -8.8761200000000002       0.0000000000000000
 2455406.5000000000000000      10.8148000000000000       0.8363330000000000      -9.2117299999999993       0.0000000000000000
 2455407.5000000000000000      10.8148000000000000       0.0518817000000000       9.5717499999999998       0.0000000000000000
 2455408.5000000000000000      10.9026999999999990       0.0996129000000000       8.5852599999999999       0.0000000000000000
 2455409.5000000000000000      10.7269000000000010      -0.4544840000000000      12.7472999999999990       0.0000000000000000
 2455410.5000000000000000      10.7269000000000010       0.5022150000000000      12.9672000000000000       0.0000000000000000
 2455411.5000000000000000      10.9026999999999990      -0.5769250000000000       0.8321830000000000       0.0000000000000000
 2455412.5000000000000000      10.9906000000000010      -0.0664086000000000       0.3631720000000000       0.0000000000000000
 2455413.5000000000000000      10.7269000000000010      -0.7346450000000000     -11.2864000000000000       0.0000000000000000
 2455414.5000000000000000      10.8148000000000000       0.0788602000000000      10.5825999999999990       0.0000000000000000
 2455415.5000000000000000      10.9026999999999990      -0.3195910000000000      -7.9567500000000004       0.0000000000000000
 2455416.5000000000000000      10.9906000000000010      -0.1639460000000000      -1.4941899999999999       0.0000000000000000
 2455417.5000000000000000      10.5510000000000000       0.1182900000000000     -17.7662000000000010       0.0000000000000000
 2455418.5000000000000000      10.6389000000000000       4.5951300000000002     -14.1053999999999990       0.0000000000000000
 2455419.5000000000000000      10.6389000000000000       4.6508099999999999     -15.0197000000000000       0.0000000000000000
 2455420.5000000000000000      10.5510000000000000       4.9973099999999997     -15.9398000000000000       0.0000000000000000
 2455421.5000000000000000      10.9906000000000010       0.7304950000000000       3.8175599999999998       0.0000000000000000
 2455422.5000000000000000      10.4631000000000010       5.8305600000000002     -18.0485000000000010       0.0000000000000000
 2455423.5000000000000000      10.4631000000000010      -0.3714730000000000     -18.9669999999999990       0.0000000000000000
 2455424.5000000000000000      10.8148000000000000       0.8736880000000000      12.8110000000000000       0.0000000000000000
 2455425.5000000000000000      10.9026999999999990      -0.0435806000000000      -5.5500600000000002       0.0000000000000000
 2455426.5000000000000000      10.7269000000000010       0.1390430000000000      14.8422000000000000       0.0000000000000000
 2455427.5000000000000000      10.9026999999999990      -0.5603230000000000      -8.4876299999999993       0.0000000000000000
 2455428.5000000000000000      10.6389000000000000      -0.0332043000000000      16.9526000000000000       0.0000000000000000
 2455429.5000000000000000      10.9906000000000010      -0.6412580000000000      -2.1354500000000001       0.0000000000000000
 2455430.5000000000000000      10.5510000000000000      -0.0269785000000000      18.5545000000000010       0.0000000000000000
 2455431.5000000000000000      10.7269000000000010      -0.1411180000000000     -14.2769999999999990       0.0000000000000000
 2455432.5000000000000000      10.5510000000000000       0.2905380000000000      18.4976999999999980       0.0000000000000000
 2455433.5000000000000000      10.9906000000000010      -0.5893760000000000      -3.6958700000000002       0.0000000000000000
 2455434.5000000000000000      10.6389000000000000       0.1597960000000000     -17.1262000000000010       0.0000000000000000
 2455435.5000000000000000      10.9026999999999990       0.3901510000000000       8.1927000000000003       0.0000000000000000
 2455436.5000000000000000      10.9026999999999990      -0.0186774000000000       9.0774899999999992       0.0000000000000000
 2455437.5000000000000000      10.8148000000000000      -0.7408710000000000     -11.1053999999999990       0.0000000000000000
 2455438.5000000000000000      10.9906000000000010       0.0352796000000000       8.6889900000000004       0.0000000000000000
 2455439.5000000000000000      10.6389000000000000      -0.0228280000000000     -16.2967000000000010       0.0000000000000000
 2455440.5000000000000000      10.9906000000000010      -0.0643333000000000       2.9136799999999998       0.0000000000000000
 2455441.5000000000000000      10.9026999999999990      -3.5549400000000002       9.0062999999999995       0.0000000000000000
 2455442.5000000000000000      10.9026999999999990       0.0684839000000000      12.0451999999999990       0.0000000000000000
 2455443.5000000000000000      10.9906000000000010      -0.5935270000000000       4.9333700000000000       0.0000000000000000
 2455444.5000000000000000      10.9906000000000010       0.0705591000000000       9.1852900000000002       0.0000000000000000
 2455445.5000000000000000      10.9906000000000010      -0.5893760000000000       5.6614399999999998       0.0000000000000000
 2455446.5000000000000000      10.9906000000000010       0.0539570000000000       7.3877499999999996       0.0000000000000000
 2455447.5000000000000000      10.9906000000000010      -0.6205050000000000       6.2409999999999997       0.0000000000000000
 2455448.5000000000000000      10.9906000000000010      -0.0601828000000000      -6.1502499999999998       0.0000000000000000
 2455449.5000000000000000      10.9906000000000010      -0.6142800000000001       7.1485000000000003       0.0000000000000000
 2455450.5000000000000000      10.6389000000000000       0.3424190000000000      18.4976999999999980       0.0000000000000000
 2455451.5000000000000000      10.9026999999999990       0.8155810000000000      13.4726000000000000       0.0000000000000000
 2455452.5000000000000000      10.9026999999999990      -0.1826240000000000      13.2083999999999990       0.0000000000000000
 2455453.5000000000000000      10.9026999999999990       0.8052040000000000      13.0116000000000000       0.0000000000000000
 2455454.5000000000000000      10.9026999999999990      -0.1888490000000000      12.7434999999999990       0.0000000000000000
 2455455.5000000000000000      10.9026999999999990       0.7969030000000000      12.5448000000000000       0.0000000000000000
 2455456.5000000000000000      10.9026999999999990      -0.1950750000000000      12.2746999999999990       0.0000000000000000
 2455457.5000000000000000      10.9026999999999990       0.7886020000000000      12.0683000000000010       0.0000000000000000
 2455458.5000000000000000      10.9906000000000010      -0.2013010000000000      11.7847000000000010       0.0000000000000000
 2455459.5000000000000000      10.8148000000000000      -0.3382690000000000     -15.1644000000000010       0.0000000000000000
 2455460.5000000000000000      10.9906000000000010      -0.1909250000000000     -10.4361999999999990       0.0000000000000000
 2455461.5000000000000000      10.7269000000000010       0.4192040000000000     -17.6392999999999990       0.0000000000000000
 2455462.5000000000000000      10.8148000000000000       1.2825200000000001     -16.2079999999999980       0.0000000000000000
 2455463.5000000000000000      10.9906000000000010      -0.2739350000000000      -9.3520800000000008       0.0000000000000000
 2455464.5000000000000000      10.8148000000000000      -0.2116770000000000     -15.3012999999999990       0.0000000000000000
 2455465.5000000000000000      11.0785000000000000      -0.1805480000000000      -4.9210000000000003       0.0000000000000000
 2455466.5000000000000000      10.7269000000000010       0.1369680000000000      19.1191999999999990       0.0000000000000000
 2455467.5000000000000000      11.0785000000000000       0.0394301000000000      -5.8408800000000003       0.0000000000000000
 2455468.5000000000000000      10.1992999999999990      19.1099999999999990      18.8882000000000010       0.0000000000000000
 2455469.5000000000000000      11.1663999999999990       0.0892366000000000       2.5982400000000001       0.0000000000000000
 2455470.5000000000000000      11.0785000000000000      -0.4648600000000000       6.5771899999999999       0.0000000000000000
 2455471.5000000000000000      10.7269000000000010       0.6620110000000000     -17.7075000000000000       0.0000000000000000
 2455472.5000000000000000      11.1663999999999990      -0.2303550000000000      -2.9136799999999998       0.0000000000000000
 2455473.5000000000000000      10.8148000000000000       0.6889890000000000      18.1621999999999990       0.0000000000000000
 2455474.5000000000000000      10.9906000000000010      -0.0269785000000000      11.8559000000000000       0.0000000000000000
 2455475.5000000000000000      10.7269000000000010       0.6578600000000000     -18.3822000000000010       0.0000000000000000
 2455476.5000000000000000      10.8148000000000000      -0.1763980000000000      16.9294000000000010       0.0000000000000000
 2455477.5000000000000000      11.0785000000000000       0.4835380000000000      10.4037000000000010       0.0000000000000000
 2455478.5000000000000000      10.7269000000000010       0.0415054000000000      18.9761999999999990       0.0000000000000000
 2455479.5000000000000000      10.8148000000000000       0.7512470000000000      18.6938000000000000       0.0000000000000000
 2455480.5000000000000000      11.1663999999999990      -0.2033760000000000      -0.3154410000000000       0.0000000000000000
 2455481.5000000000000000      11.1663999999999990      -0.2490320000000000      -0.1099890000000000       0.0000000000000000
 2455482.5000000000000000      11.1663999999999990      -0.2116770000000000      -1.6809700000000001       0.0000000000000000
 2455483.5000000000000000      11.1663999999999990       0.6972900000000000      -2.8265199999999999       0.0000000000000000
 2455484.5000000000000000      10.9026999999999990      -0.2096020000000000      16.5570999999999980       0.0000000000000000
 2455485.5000000000000000      10.9026999999999990       0.7076670000000001      17.2032999999999990       0.0000000000000000
 2455486.5000000000000000      10.9906000000000010       0.3714730000000000      14.4854000000000000       0.0000000000000000
 2455487.5000000000000000      11.1663999999999990       4.2671900000000003      -8.1682900000000007       0.0000000000000000
 2455488.5000000000000000      10.9906000000000010      -0.3444950000000000     -12.6065000000000000       0.0000000000000000
 2455489.5000000000000000      10.8148000000000000      -8.3234600000000007     -15.8434000000000010       0.0000000000000000
 2455490.5000000000000000      10.9906000000000010      -5.3850600000000002     -13.3473000000000010       0.0000000000000000
 2455491.5000000000000000      10.9026999999999990       0.3527960000000000      16.7441999999999990       0.0000000000000000
 2455492.5000000000000000      10.9026999999999990       0.0207527000000000      16.9371000000000010       0.0000000000000000
 2455493.5000000000000000      10.8148000000000000       1.9175500000000001     -18.2758000000000000       0.0000000000000000
 2455494.5000000000000000      11.0785000000000000       0.3860000000000000      14.2114999999999990       0.0000000000000000
 2455495.5000000000000000      11.0785000000000000       0.3818490000000000      13.8082999999999990       0.0000000000000000
 2455496.5000000000000000      11.1663999999999990       0.0083010800000000      -7.9201400000000000       0.0000000000000000
 2455497.5000000000000000      11.0785000000000000       8.3411799999999996       8.8008600000000001       0.0000000000000000
 2455498.5000000000000000      11.0785000000000000       0.3133660000000000      11.9429000000000000       0.0000000000000000
 2455499.5000000000000000      11.1663999999999990      -0.6142800000000001       8.4388100000000001       0.0000000000000000
 2455500.5000000000000000      11.1663999999999990       0.3673230000000000       9.7019300000000008       0.0000000000000000
 2455501.5000000000000000      11.1663999999999990      -0.5769250000000000      -7.8916700000000004       0.0000000000000000
 2455502.5000000000000000      11.0785000000000000      -0.1348920000000000      15.1277000000000010       0.0000000000000000
 2455503.5000000000000000      11.0785000000000000       0.2967630000000000     -13.9644999999999990       0.0000000000000000
 2455504.5000000000000000      10.9906000000000010      -0.3569460000000000     -16.4568000000000010       0.0000000000000000
 2455505.5000000000000000      11.1663999999999990       0.5125910000000000      10.7738000000000000       0.0000000000000000
 2455506.5000000000000000      10.9026999999999990      -0.3714730000000000     -17.7716999999999990       0.0000000000000000
 2455507.5000000000000000      11.2544000000000000       4.1908799999999999      -5.1746900000000000       0.0000000000000000
 2455508.5000000000000000      11.1663999999999990       0.3756240000000000      11.3027000000000000       0.0000000000000000
 2455509.5000000000000000      11.1663999999999990      -0.0726344000000000      10.1555000000000000       0.0000000000000000
 2455510.5000000000000000      11.0785000000000000      -6.2904999999999998      11.1827000000000010       0.0000000000000000
 2455511.5000000000000000      10.9026999999999990      -0.6433330000000000     -17.6525000000000000       0.0000000000000000
 2455512.5000000000000000      11.1663999999999990      -5.2839999999999998       9.3886900000000004       0.0000000000000000
 2455513.5000000000000000      11.2544000000000000       0.5852260000000000       8.9086700000000008       0.0000000000000000
 2455514.5000000000000000      11.2544000000000000      -4.2816200000000002       7.6269999999999998       0.0000000000000000
 2455515.5000000000000000      10.9026999999999990       0.5540970000000000     -18.7727000000000000       0.0000000000000000
 2455516.5000000000000000      11.3423000000000000       0.3403440000000000       4.7910599999999999       0.0000000000000000
 2455517.5000000000000000      10.9906000000000010      -0.0560323000000000     -15.7720000000000000       0.0000000000000000
 2455518.5000000000000000      11.3423000000000000       0.3361940000000000       3.1689400000000001       0.0000000000000000
 2455519.5000000000000000      11.3423000000000000       0.5644730000000000       3.3785400000000001       0.0000000000000000
 2455520.5000000000000000      11.3423000000000000       0.3299680000000000       1.5398499999999999       0.0000000000000000
 2455521.5000000000000000      11.2544000000000000      -4.4775600000000004      -5.5067500000000003       0.0000000000000000
 2455522.5000000000000000      11.0785000000000000       0.3631720000000000      14.8691999999999990       0.0000000000000000
 2455523.5000000000000000      11.2544000000000000      -4.5683100000000003      -3.7598099999999999       0.0000000000000000
 2455524.5000000000000000      10.9906000000000010     -15.4750000000000000      -5.3252499999999996       0.0000000000000000
 2455525.5000000000000000      11.3423000000000000      -0.4959890000000000      -3.0361199999999999       0.0000000000000000
 2455526.5000000000000000      11.3423000000000000       0.3175160000000000      -3.3536299999999999       0.0000000000000000
 2455527.5000000000000000      11.3423000000000000       0.5478710000000000       3.1751600000000000       0.0000000000000000
 2455528.5000000000000000      11.0785000000000000       0.1930000000000000     -15.0699000000000010       0.0000000000000000
 2455529.5000000000000000      11.1663999999999990      -0.5623980000000000     -10.8979000000000000       0.0000000000000000
 2455530.5000000000000000      11.2544000000000000       0.3839250000000000     -10.4830000000000010       0.0000000000000000
 2455531.5000000000000000      11.1663999999999990      -0.1079140000000000     -12.9518000000000000       0.0000000000000000
 2455532.5000000000000000      10.9906000000000010      -0.0809355000000000     -17.8082999999999990       0.0000000000000000
 2455533.5000000000000000      11.1663999999999990      -0.0933871000000000     -11.2334999999999990       0.0000000000000000
 2455534.5000000000000000      10.9906000000000010      -0.1245160000000000     -17.4078000000000020       0.0000000000000000
 2455535.5000000000000000      10.9906000000000010       0.6205050000000000      18.7396999999999990       0.0000000000000000
 2455536.5000000000000000      10.9906000000000010      -0.3610970000000000      18.3069999999999990       0.0000000000000000
 2455537.5000000000000000      11.2544000000000000       0.2469570000000000     -10.4727999999999990       0.0000000000000000
 2455538.5000000000000000      11.2544000000000000       0.2843120000000000      10.9406000000000000       0.0000000000000000
 2455539.5000000000000000      11.0785000000000000       0.0933871000000000      16.4722000000000010       0.0000000000000000
 2455540.5000000000000000      11.3423000000000000      -1.2534600000000000      -3.9103800000000000       0.0000000000000000
 2455541.5000000000000000      11.3423000000000000       0.5976770000000000       1.3551500000000001       0.0000000000000000
 2455542.5000000000000000      11.0785000000000000       0.3009140000000000     -16.3507000000000000       0.0000000000000000
 2455543.5000000000000000      11.1663999999999990      -0.4876880000000000     -12.6297000000000000       0.0000000000000000
 2455544.5000000000000000      11.1663999999999990       0.3714730000000000     -12.0741000000000000       0.0000000000000000
 2455545.5000000000000000      11.2544000000000000       0.0767849000000000      12.7067999999999990       0.0000000000000000
 2455546.5000000000000000      11.3423000000000000       0.2448820000000000       3.2540200000000001       0.0000000000000000
 2455547.5000000000000000      11.3423000000000000      -1.3240200000000000       4.6301899999999998       0.0000000000000000
 2455548.5000000000000000      11.3423000000000000       0.2365810000000000       1.3364700000000000       0.0000000000000000
 2455549.5000000000000000      11.0785000000000000      -0.0892366000000000      17.8157000000000000       0.0000000000000000
 2455550.5000000000000000      11.0785000000000000       0.2967630000000000     -16.0884000000000000       0.0000000000000000
 2455551.5000000000000000      11.3423000000000000       0.0124516000000000       3.6545500000000000       0.0000000000000000
 2455552.5000000000000000      11.1663999999999990       0.2573330000000000     -12.0451999999999990       0.0000000000000000
 2455553.5000000000000000      11.3423000000000000      -0.4441080000000000       6.5008699999999999       0.0000000000000000
 2455554.5000000000000000      11.3423000000000000      -0.0145269000000000       5.5459399999999999       0.0000000000000000
 2455555.5000000000000000      10.9906000000000010      -0.1722470000000000     -17.5139000000000000       0.0000000000000000
 2455556.5000000000000000      11.1663999999999990       0.0581075000000000     -13.4823000000000000       0.0000000000000000
 2455557.5000000000000000      10.9026999999999990      -0.4586340000000000     -19.3135000000000010       0.0000000000000000
 2455558.5000000000000000      10.9906000000000010       0.1826240000000000     -18.5747000000000000       0.0000000000000000
 2455559.5000000000000000      11.1663999999999990       0.0415054000000000      14.2018000000000000       0.0000000000000000
 2455560.5000000000000000      11.3423000000000000      -0.3216670000000000       0.0103763000000000       0.0000000000000000
 2455561.5000000000000000      11.3423000000000000       0.3901510000000000       9.0876599999999996       0.0000000000000000
