Time P3114 A5334 A5335 A5016
 2451910.5000100001000000      12.9247999999999990       1.3510000000000000      12.8804000000000000       0.0000000000000000
 2451911.5000100001000000      13.1007000000000000       1.2866700000000000      -7.1113700000000000       0.0000000000000000
 2451912.5000100001000000      13.1007000000000000       1.6436100000000000      -5.5686200000000001       0.0000000000000000
 2451913.5000100001000000      13.1007000000000000       1.6830400000000001       9.0856200000000005       0.0000000000000000
 2451914.5000100001000000      13.1007000000000000       1.4651400000000001      -6.9958700000000000       0.0000000000000000
 2451915.5000100001000000      13.1885999999999990       1.6166300000000000       3.5549400000000002       0.0000000000000000
 2451916.5000100001000000      12.9247999999999990       1.1185700000000001     -12.8071000000000000       0.0000000000000000
 2451917.5000100001000000      13.1007000000000000       1.1808300000000000      -6.9360600000000003       0.0000000000000000
 2451918.5000100001000000      12.7490000000000010       1.6851200000000000     -17.1975000000000020       0.0000000000000000
 2451919.5000100001000000      13.0127000000000010       1.7058700000000000      10.4117999999999990       0.0000000000000000
 2451920.5000100001000000      13.0127000000000010       1.1870499999999999      10.2327999999999990       0.0000000000000000
 2451921.5000100001000000      13.1885999999999990       1.9777300000000000       0.6433330000000000       0.0000000000000000
 2451922.5000100001000000      12.9247999999999990       2.1624300000000001      14.4391000000000000       0.0000000000000000
 2451923.5000100001000000      13.0127000000000010       1.9382999999999999      12.2902000000000000       0.0000000000000000
 2451924.5000100001000000      13.1007000000000000       1.5149500000000000       9.2361400000000007       0.0000000000000000
 2451925.5000100001000000      12.6610999999999990       1.1953499999999999     -17.5100000000000020       0.0000000000000000
 2451926.5000100001000000      13.1007000000000000      -0.3465700000000000      -7.4846899999999996       0.0000000000000000
 2451927.5000100001000000      13.1007000000000000       0.6474840000000000      -7.5816200000000000       0.0000000000000000
 2451928.5000100001000000      13.1885999999999990       1.8034100000000000       2.8659500000000002       0.0000000000000000
 2451929.5000100001000000      13.1885999999999990       1.7494499999999999       0.7533230000000000       0.0000000000000000
 2451930.5000100001000000      12.5731000000000000       3.8113700000000001     -18.1933000000000010       0.0000000000000000
 2451931.5000100001000000      13.0127000000000010       1.7722800000000001      11.0178999999999990       0.0000000000000000
 2451932.5000100001000000      12.9247999999999990       1.7681300000000000     -11.9777000000000000       0.0000000000000000
 2451933.5000100001000000      12.9247999999999990       1.8511400000000000      13.4341000000000010       0.0000000000000000
 2451934.5000100001000000      12.9247999999999990       2.6355900000000001      13.0386000000000010       0.0000000000000000
 2451935.5000100001000000      12.9247999999999990       1.1517700000000000      13.3704000000000000       0.0000000000000000
 2451936.5000100001000000      13.1007000000000000       0.8135050000000000      -5.0034999999999998       0.0000000000000000
 2451937.5000100001000000      12.8369000000000000      -7.2722499999999997     -10.8877000000000010       0.0000000000000000
 2451938.5000100001000000      12.6610999999999990       8.5710200000000007      16.2543000000000010       0.0000000000000000
 2451939.5000100001000000      12.7490000000000010       1.0998900000000000     -16.1597000000000010       0.0000000000000000
 2451940.5000100001000000      13.0127000000000010       1.5855100000000000      10.4403000000000010       0.0000000000000000
 2451941.5000100001000000      12.8369000000000000      12.6239000000000010      -7.8916700000000004       0.0000000000000000
 2451942.5000100001000000      12.9247999999999990       1.8407600000000000     -11.9738000000000010       0.0000000000000000
 2451943.5000100001000000      12.9247999999999990       2.0150899999999998     -12.0375000000000000       0.0000000000000000
 2451944.5000100001000000      12.6610999999999990       0.9795270000000000      17.8028000000000010       0.0000000000000000
 2451945.5000100001000000      13.0127000000000010      -0.2760110000000000      -8.5120400000000007       0.0000000000000000
 2451946.5000100001000000      13.1007000000000000      -0.1577200000000000       3.4034399999999998       0.0000000000000000
 2451947.5000100001000000      13.1007000000000000       0.5976770000000000       3.0091399999999999       0.0000000000000000
 2451948.5000100001000000      13.1007000000000000      -0.1058390000000000       1.1766799999999999       0.0000000000000000
 2451949.5000100001000000      13.1007000000000000       2.1873300000000002      -4.4734400000000001       0.0000000000000000
 2451950.5000100001000000      12.7490000000000010       3.4158900000000001     -13.8797000000000000       0.0000000000000000
 2451951.5000100001000000      12.6610999999999990       0.6454090000000000      17.6374000000000000       0.0000000000000000
 2451952.5000100001000000      12.9247999999999990       2.6542699999999999      11.9024000000000000       0.0000000000000000
 2451953.5000100001000000      13.0127000000000010       1.7619000000000000       5.9192499999999999       0.0000000000000000
 2451954.5000100001000000      12.8369000000000000       1.0023500000000001      13.9510000000000010       0.0000000000000000
 2451955.5000100001000000      12.7490000000000010     -13.5756999999999990       0.7470970000000000       0.0000000000000000
 2451956.5000100001000000      12.7490000000000010       0.9753760000000000      14.3870000000000000       0.0000000000000000
 2451957.5000100001000000      12.5731000000000000       1.8884900000000000      18.4151999999999990       0.0000000000000000
 2451958.5000100001000000      12.5731000000000000       1.5730500000000001      17.4347999999999990       0.0000000000000000
 2451959.5000100001000000      13.0127000000000010       1.8926499999999999       7.5651200000000003       0.0000000000000000
 2451960.5000100001000000      12.7490000000000010       1.2783700000000000      15.4749000000000000       0.0000000000000000
 2451961.5000100001000000      13.1007000000000000       1.5066500000000000       2.6501199999999998       0.0000000000000000
 2451962.5000100001000000      12.8369000000000000       1.4983400000000000      11.7380000000000000       0.0000000000000000
 2451963.5000100001000000      13.0127000000000010       4.7993100000000002      -3.4615499999999999       0.0000000000000000
 2451964.5000100001000000      12.8369000000000000       1.0438600000000000     -11.7400000000000000       0.0000000000000000
 2451965.5000100001000000      12.6610999999999990       1.8449100000000000      15.7951999999999990       0.0000000000000000
 2451966.5000100001000000      13.0127000000000010       2.0316900000000002       3.9454400000000001       0.0000000000000000
 2451967.5000100001000000      13.0127000000000010       1.3758999999999999      -3.6587000000000001       0.0000000000000000
 2451968.5000100001000000      13.0127000000000010       2.1022500000000002      -0.1930000000000000       0.0000000000000000
 2451969.5000100001000000      13.0127000000000010       1.9901800000000001       4.7786900000000001       0.0000000000000000
 2451970.5000100001000000      12.9247999999999990       1.6062600000000000       7.3361900000000002       0.0000000000000000
 2451971.5000100001000000      13.0127000000000010       1.6519100000000000       5.0220599999999997       0.0000000000000000
 2451972.5000100001000000      12.9247999999999990       2.0005600000000001      -4.6033700000000000       0.0000000000000000
 2451973.5000100001000000      12.5731000000000000       0.7740750000000000      16.1712999999999990       0.0000000000000000
 2451974.5000100001000000      12.6610999999999990       0.2241290000000000      15.3668999999999990       0.0000000000000000
 2451975.5000100001000000      12.4852000000000010       1.9673499999999999      17.1898000000000020       0.0000000000000000
 2451976.5000100001000000      12.5731000000000000       1.9777300000000000      16.3448999999999990       0.0000000000000000
 2451977.5000100001000000      12.7490000000000010       2.0275400000000001      12.2034000000000000       0.0000000000000000
 2451978.5000100001000000      12.5731000000000000       2.0109400000000002      15.5502000000000000       0.0000000000000000
 2451979.5000100001000000      12.6610999999999990       1.3406199999999999      13.5324000000000010       0.0000000000000000
 2451980.5000100001000000      12.8369000000000000       2.2724199999999999      -6.4080599999999999       0.0000000000000000
 2451981.5000100001000000      12.4852000000000010       1.4506100000000000      17.4174000000000010       0.0000000000000000
 2451982.5000100001000000      12.6610999999999990       2.0150899999999998      14.3484000000000000       0.0000000000000000
 2451983.5000100001000000      12.9247999999999990       1.2596900000000000       3.1979899999999999       0.0000000000000000
 2451984.5000100001000000      12.7490000000000010       2.0047100000000002     -10.9122000000000000       0.0000000000000000
 2451985.5000100001000000      12.8369000000000000       1.0895200000000000       8.5771200000000007       0.0000000000000000
 2451986.5000100001000000      12.8369000000000000       4.5765599999999997      -3.2042199999999998       0.0000000000000000
 2451987.5000100001000000      12.6610999999999990      -0.1535700000000000     -13.2585000000000000       0.0000000000000000
 2451988.5000100001000000      12.8369000000000000       3.7577500000000001      -1.1766799999999999       0.0000000000000000
 2451989.5000100001000000      12.8369000000000000       1.6726700000000001      -4.4837499999999997       0.0000000000000000
 2451990.5000100001000000      12.8369000000000000      -2.2599700000000000      -5.7336200000000002       0.0000000000000000
 2451991.5000100001000000      12.8369000000000000       2.0648900000000001      -1.6934199999999999       0.0000000000000000
 2451992.5000100001000000      12.7490000000000010      -1.6747399999999999      -7.8916700000000004       0.0000000000000000
 2451993.5000100001000000      12.6610999999999990       1.8677400000000000      10.7128000000000000       0.0000000000000000
 2451994.5000100001000000      12.6610999999999990      -0.8446340000000000      -9.3866599999999991       0.0000000000000000
 2451995.5000100001000000      12.8369000000000000       1.5190999999999999       1.0459400000000001       0.0000000000000000
 2451996.5000100001000000      12.6610999999999990      -0.2469570000000000     -10.1046999999999990       0.0000000000000000
 2451997.5000100001000000      12.6610999999999990       1.9134000000000000     -10.5745000000000000       0.0000000000000000
 2451998.5000100001000000      12.6610999999999990      -0.2594090000000000      -9.7202300000000008       0.0000000000000000
 2451999.5000100001000000      12.4852000000000010       1.6498400000000000     -14.1381000000000000       0.0000000000000000
 2452000.5000100001000000      12.6610999999999990      -0.2511080000000000      -9.3297000000000008       0.0000000000000000
 2452001.5000100001000000      12.6610999999999990      -6.9175000000000004       4.3888800000000003       0.0000000000000000
 2452002.5000100001000000      12.6610999999999990      -0.1950750000000000      -8.9269700000000007       0.0000000000000000
 2452003.5000100001000000      12.6610999999999990      -6.8267499999999997      -4.0155599999999998       0.0000000000000000
 2452004.5000100001000000      12.6610999999999990      -0.1867740000000000      -8.5160999999999998       0.0000000000000000
 2452005.5000100001000000      12.7490000000000010       1.5419200000000000      -5.4613800000000001       0.0000000000000000
 2452006.5000100001000000      12.6610999999999990      -0.2054520000000000      -8.1031999999999993       0.0000000000000000
 2452007.5000100001000000      12.7490000000000010      -0.0103763000000000       0.9857530000000000       0.0000000000000000
 2452008.5000100001000000      12.6610999999999990      -0.1722470000000000      -7.6806200000000002       0.0000000000000000
 2452009.5000100001000000      12.3973000000000000      12.9711000000000000      -6.6617499999999996       0.0000000000000000
 2452010.5000100001000000      12.6610999999999990      -0.1680970000000000      -7.2413100000000004       0.0000000000000000
 2452011.5000100001000000      12.6610999999999990       3.0962999999999998       2.3533499999999998       0.0000000000000000
 2452012.5000100001000000      12.6610999999999990      -0.1597960000000000      -6.7896299999999998       0.0000000000000000
 2452013.5000100001000000      12.5731000000000000       4.5827499999999999       8.0360800000000001       0.0000000000000000
 2452014.5000100001000000      12.6610999999999990      -0.3216670000000000      -6.3399999999999999       0.0000000000000000
 2452015.5000100001000000      12.6610999999999990      -0.2303550000000000      -6.0925000000000002       0.0000000000000000
 2452016.5000100001000000      12.6610999999999990      -0.1369680000000000      -5.8924399999999997       0.0000000000000000
 2452017.5000100001000000      12.6610999999999990       2.1852600000000000      -5.6346200000000000       0.0000000000000000
 2452018.5000100001000000      12.5731000000000000      -0.1390430000000000      -5.4283700000000001       0.0000000000000000
 2452019.5000100001000000      12.6610999999999990       1.4692900000000000      -4.5538699999999999       0.0000000000000000
 2452020.5000100001000000      12.5731000000000000      -0.1328170000000000      -4.9560599999999999       0.0000000000000000
 2452021.5000100001000000      12.6610999999999990       0.7491720000000000       2.0316900000000002       0.0000000000000000
 2452022.5000100001000000      12.5731000000000000      -0.1265910000000000      -4.4837499999999997       0.0000000000000000
 2452023.5000100001000000      12.2215000000000010      -0.0269785000000000     -16.1810000000000010       0.0000000000000000
 2452024.5000100001000000      12.5731000000000000      -1.6187100000000001      -5.7831200000000003       0.0000000000000000
 2452025.5000100001000000      12.3094000000000000       1.9881100000000000      13.3588000000000000       0.0000000000000000
 2452026.5000100001000000      12.5731000000000000      -0.5852260000000000       2.7974600000000001       0.0000000000000000
 2452027.5000100001000000      12.3094000000000000       1.4900400000000000      13.1331000000000010       0.0000000000000000
 2452028.5000100001000000      12.3973000000000000      -0.0373548000000000     -10.1697000000000010       0.0000000000000000
 2452029.5000100001000000      12.5731000000000000       1.9424500000000000       4.2011900000000004       0.0000000000000000
 2452030.5000100001000000      12.3973000000000000      -0.5935270000000000      -9.9297299999999993       0.0000000000000000
 2452031.5000100001000000      12.5731000000000000       1.8283100000000001      -1.1455500000000001       0.0000000000000000
 2452032.5000100001000000      12.2215000000000010      -0.0539570000000000     -14.1150000000000000       0.0000000000000000
 2452033.5000100001000000      12.5731000000000000      -0.3154410000000000      -5.6078099999999997       0.0000000000000000
 2452034.5000100001000000      12.1335999999999990      -0.0726344000000000     -15.2974999999999990       0.0000000000000000
 2452035.5000100001000000      12.5731000000000000       3.0796999999999999      -3.6358700000000002       0.0000000000000000
 2452036.5000100001000000      12.0456000000000000      -0.0705591000000000     -17.3344999999999980       0.0000000000000000
 2452037.5000100001000000      12.3973000000000000       1.6000300000000001     -10.7657000000000010       0.0000000000000000
 2452038.5000100001000000      12.0456000000000000      -0.0664086000000000     -17.3229000000000010       0.0000000000000000
 2452039.5000100001000000      12.4852000000000010       1.8366100000000001      -4.5126299999999997       0.0000000000000000
 2452040.5000100001000000      11.9577000000000010      -0.0498065000000000     -17.8340000000000000       0.0000000000000000
 2452041.5000100001000000      12.3094000000000000      -1.3779800000000000      12.3095000000000000       0.0000000000000000
 2452042.5000100001000000      12.4852000000000010       0.0207527000000000      -5.4036299999999997       0.0000000000000000
 2452043.5000100001000000      12.4852000000000010       1.5979600000000000      -5.3438100000000004       0.0000000000000000
 2452044.5000100001000000      12.4852000000000010      -0.2739350000000000       0.1826240000000000       0.0000000000000000
 2452045.5000100001000000      12.3094000000000000       2.8908499999999999     -10.0599000000000010       0.0000000000000000
 2452046.5000100001000000      12.4852000000000010      -0.1182900000000000       1.4589099999999999       0.0000000000000000
 2452047.5000100001000000      12.4852000000000010      -5.1210599999999999      -0.2262040000000000       0.0000000000000000
 2452048.5000100001000000      11.8698000000000000       0.0415054000000000      19.0440000000000000       0.0000000000000000
 2452049.5000100001000000      11.8698000000000000       1.5564499999999999     -18.5087000000000010       0.0000000000000000
 2452050.5000100001000000      12.4852000000000010      -0.0249032000000000       2.4405199999999998       0.0000000000000000
 2452051.5000100001000000      12.4852000000000010      -0.4503330000000000       2.1873300000000002       0.0000000000000000
 2452052.5000100001000000      12.4852000000000010      -0.0249032000000000       2.9261300000000001       0.0000000000000000
 2452053.5000100001000000      12.4852000000000010       1.9818800000000001       3.4553199999999999       0.0000000000000000
 2452054.5000100001000000      12.3973000000000000      -0.0228280000000000       3.4096700000000002       0.0000000000000000
 2452055.5000100001000000      12.2215000000000010       1.6311599999999999     -12.2439000000000000       0.0000000000000000
 2452056.5000100001000000      12.3973000000000000      -0.0207527000000000       3.8938700000000002       0.0000000000000000
 2452057.5000100001000000      11.7819000000000000       7.3609400000000003     -18.2282000000000010       0.0000000000000000
 2452058.5000100001000000      12.3973000000000000      -0.0166022000000000       4.3620599999999996       0.0000000000000000
 2452059.5000100001000000      12.3094000000000000       1.8511400000000000       8.9859600000000004       0.0000000000000000
 2452060.5000100001000000      12.3973000000000000      -0.0145269000000000       4.8240600000000002       0.0000000000000000
 2452061.5000100001000000      12.3094000000000000       6.2327500000000002       7.0268100000000002       0.0000000000000000
 2452062.5000100001000000      12.3973000000000000      -0.0124516000000000       5.2881299999999998       0.0000000000000000
 2452063.5000100001000000      12.3973000000000000       1.9694300000000000       6.9752500000000000       0.0000000000000000
 2452064.5000100001000000      12.3973000000000000      -0.0103763000000000       5.7521899999999997       0.0000000000000000
 2452065.5000100001000000      12.2215000000000010       1.3157200000000000     -11.9544999999999990       0.0000000000000000
 2452066.5000100001000000      12.3094000000000000      -0.0083010800000000       6.2038799999999998       0.0000000000000000
 2452067.5000100001000000      12.3973000000000000       1.6830400000000001      -3.3183500000000001       0.0000000000000000
 2452068.5000100001000000      12.3094000000000000      -0.0041505400000000       6.6431899999999997       0.0000000000000000
 2452069.5000100001000000      12.3094000000000000       1.7702000000000000      -5.3582500000000000       0.0000000000000000
 2452070.5000100001000000      12.3094000000000000      -0.0041505400000000       7.0804400000000003       0.0000000000000000
 2452071.5000100001000000      12.2215000000000010      -6.6988700000000003      -7.6290600000000000       0.0000000000000000
 2452072.5000100001000000      12.3094000000000000       0.0000000000000000       7.5156299999999998       0.0000000000000000
 2452073.5000100001000000      12.1335999999999990       1.2472399999999999     -12.9267000000000000       0.0000000000000000
 2452074.5000100001000000      12.2215000000000010       0.0000000000000000       7.7940300000000002       0.0000000000000000
 2452075.5000100001000000      11.9577000000000010     -12.0465000000000000      -9.2341099999999994       0.0000000000000000
 2452076.5000100001000000      12.2215000000000010       0.0041505400000000       8.2089700000000008       0.0000000000000000
 2452077.5000100001000000      12.1335999999999990       1.8801900000000000     -12.9692000000000010       0.0000000000000000
 2452078.5000100001000000      12.2215000000000010       0.0041505400000000       8.6076300000000003       0.0000000000000000
 2452079.5000100001000000      12.2215000000000010       2.3014700000000001      10.1148000000000010       0.0000000000000000
 2452080.5000100001000000      12.2215000000000010       0.0083010800000000       8.9981600000000004       0.0000000000000000
 2452081.5000100001000000      12.0456000000000000       1.7473799999999999     -13.6191999999999990       0.0000000000000000
 2452082.5000100001000000      12.2215000000000010       0.0083010800000000       9.3886900000000004       0.0000000000000000
 2452083.5000100001000000      12.3973000000000000       1.7390800000000000      -0.8674620000000000       0.0000000000000000
 2452084.5000100001000000      12.2215000000000010      -0.1556450000000000       9.7670100000000009       0.0000000000000000
 2452085.5000100001000000      12.3094000000000000       4.5889400000000000      -3.6483200000000000       0.0000000000000000
 2452086.5000100001000000      12.2215000000000010      -0.2469570000000000      10.1494000000000000       0.0000000000000000
 2452087.5000100001000000      11.7819000000000000       0.1431940000000000      18.7414999999999980       0.0000000000000000
 2452088.5000100001000000      12.2215000000000010       0.0083010800000000      10.5093999999999990       0.0000000000000000
 2452089.5000100001000000      12.3973000000000000       0.5354190000000000       2.2848700000000002       0.0000000000000000
 2452090.5000100001000000      12.2215000000000010      -0.1535700000000000      10.8491000000000000       0.0000000000000000
 2452091.5000100001000000      12.2215000000000010       2.5235300000000001      10.9528000000000000       0.0000000000000000
 2452092.5000100001000000      12.2215000000000010       0.0186774000000000      11.1846999999999990       0.0000000000000000
 2452093.5000100001000000      11.7819000000000000       1.2036600000000000      18.6113000000000000       0.0000000000000000
 2452094.5000100001000000      12.1335999999999990       0.0207527000000000      11.5101999999999990       0.0000000000000000
 2452095.5000100001000000      11.8698000000000000       2.5857800000000002      17.7845000000000010       0.0000000000000000
 2452096.5000100001000000      12.1335999999999990       0.0249032000000000      11.8275000000000010       0.0000000000000000
 2452097.5000100001000000      11.9577000000000010       2.5857800000000002      16.3700000000000010       0.0000000000000000
 2452098.5000100001000000      12.1335999999999990       0.1577200000000000      12.0760000000000010       0.0000000000000000
 2452099.5000100001000000      12.3094000000000000       2.8576500000000000      -3.4511699999999998       0.0000000000000000
 2452100.5000100001000000      12.1335999999999990       0.0228280000000000      12.3904999999999990       0.0000000000000000
 2452101.5000100001000000      12.3094000000000000       1.7556799999999999       5.9543100000000004       0.0000000000000000
 2452102.5000100001000000      12.1335999999999990       0.0269785000000000      12.6297000000000000       0.0000000000000000
 2452103.5000100001000000      12.1335999999999990       0.0269785000000000      12.7493000000000000       0.0000000000000000
 2452104.5000100001000000      12.1335999999999990       0.0269785000000000      12.8727000000000000       0.0000000000000000
 2452105.5000100001000000      12.1335999999999990       0.0290538000000000      12.9826999999999990       0.0000000000000000
 2452106.5000100001000000      12.0456000000000000       0.0290538000000000      13.1003000000000010       0.0000000000000000
 2452107.5000100001000000      12.0456000000000000       0.0311290000000000      13.2064000000000000       0.0000000000000000
 2452108.5000100001000000      12.0456000000000000       0.0311290000000000      13.3145000000000010       0.0000000000000000
 2452109.5000100001000000      12.0456000000000000       0.0311290000000000      13.4572000000000000       0.0000000000000000
 2452110.5000100001000000      12.0456000000000000       0.0311290000000000      13.5169999999999990       0.0000000000000000
 2452111.5000100001000000      12.0456000000000000       0.0332043000000000      13.6173000000000000       0.0000000000000000
 2452112.5000100001000000      12.0456000000000000       0.0332043000000000      13.7060999999999990       0.0000000000000000
 2452113.5000100001000000      12.0456000000000000       0.0332043000000000      13.8005999999999990       0.0000000000000000
 2452114.5000100001000000      12.0456000000000000       0.0332043000000000      13.8797000000000000       0.0000000000000000
 2452115.5000100001000000      12.0456000000000000       0.0332043000000000      13.9703000000000000       0.0000000000000000
 2452116.5000100001000000      12.0456000000000000       0.0332043000000000      14.0398000000000000       0.0000000000000000
 2452117.5000100001000000      12.3094000000000000      -7.0330000000000004       4.2238800000000003       0.0000000000000000
 2452118.5000100001000000      12.0456000000000000       2.4654199999999999      13.8932000000000000       0.0000000000000000
 2452119.5000100001000000      12.3094000000000000       1.7930299999999999       8.5547500000000003       0.0000000000000000
 2452120.5000100001000000      12.0456000000000000       2.4654199999999999      13.9819000000000000       0.0000000000000000
 2452121.5000100001000000      12.3973000000000000       1.1579999999999999       3.2374200000000002       0.0000000000000000
 2452122.5000100001000000      12.1335999999999990       4.3868099999999997      12.6316000000000010       0.0000000000000000
 2452123.5000100001000000      12.3094000000000000       0.3963760000000000       4.9952500000000004       0.0000000000000000
 2452124.5000100001000000      12.1335999999999990       4.8921299999999999      12.0239999999999990       0.0000000000000000
 2452125.5000100001000000      12.3094000000000000      -0.3361940000000000       6.7648700000000002       0.0000000000000000
 2452126.5000100001000000      12.1335999999999990       5.2839999999999998      11.2722000000000000       0.0000000000000000
 2452127.5000100001000000      12.1335999999999990      -6.4885000000000002      -9.5473400000000002       0.0000000000000000
 2452128.5000100001000000      12.1335999999999990      -0.3776990000000000     -11.5081000000000010       0.0000000000000000
 2452129.5000100001000000      12.2215000000000010       1.7058700000000000      10.7799000000000000       0.0000000000000000
 2452130.5000100001000000      12.2215000000000010       5.6717500000000003       9.3846200000000000       0.0000000000000000
 2452131.5000100001000000      12.2215000000000010      -8.3094199999999994      -6.8514999999999997       0.0000000000000000
 2452132.5000100001000000      12.2215000000000010       5.6552499999999997       8.5445799999999998       0.0000000000000000
 2452133.5000100001000000      12.3094000000000000       2.3824100000000001       8.4977999999999998       0.0000000000000000
 2452134.5000100001000000      12.3094000000000000      -2.2060100000000000      -4.8838699999999999       0.0000000000000000
 2452135.5000100001000000      11.7819000000000000       1.6477599999999999     -18.6772999999999990       0.0000000000000000
 2452136.5000100001000000      12.3094000000000000       5.0633100000000004       6.4761199999999999       0.0000000000000000
 2452137.5000100001000000      12.3094000000000000       1.6892700000000000       9.1771499999999993       0.0000000000000000
 2452138.5000100001000000      12.3973000000000000       1.6892700000000000      -2.8680200000000000       0.0000000000000000
 2452139.5000100001000000      12.3094000000000000       1.6270100000000001      -9.0266400000000004       0.0000000000000000
 2452140.5000100001000000      12.0456000000000000       1.3862800000000000     -14.3947000000000000       0.0000000000000000
 2452141.5000100001000000      12.3973000000000000       1.6851200000000000       6.3812499999999996       0.0000000000000000
 2452142.5000100001000000      11.8698000000000000       1.3862800000000000     -17.6007000000000000       0.0000000000000000
 2452143.5000100001000000      12.1335999999999990       1.8594400000000000     -12.5505999999999990       0.0000000000000000
 2452144.5000100001000000      12.1335999999999990       0.4690110000000000     -12.3712000000000000       0.0000000000000000
 2452145.5000100001000000      12.0456000000000000       0.7678490000000000      15.9842000000000000       0.0000000000000000
 2452146.5000100001000000      12.0456000000000000       2.8555700000000002      15.9667999999999990       0.0000000000000000
 2452147.5000100001000000      11.8698000000000000       2.1645099999999999      18.9377000000000000       0.0000000000000000
 2452148.5000100001000000      11.8698000000000000      -0.9919780000000000     -18.0246999999999990       0.0000000000000000
 2452149.5000100001000000      12.2215000000000010       2.3595799999999998      11.7074000000000000       0.0000000000000000
 2452150.5000100001000000      12.3094000000000000       1.3323199999999999      -9.7670100000000009       0.0000000000000000
 2452151.5000100001000000      12.0456000000000000       2.5567299999999999      15.5039000000000000       0.0000000000000000
 2452152.5000100001000000      12.2215000000000010       1.8698200000000000     -11.4105000000000010       0.0000000000000000
 2452153.5000100001000000      12.4852000000000010       0.1162150000000000       0.5250430000000000       0.0000000000000000
 2452154.5000100001000000      12.2215000000000010      -0.8404840000000000      13.6925000000000010       0.0000000000000000
 2452155.5000100001000000      12.4852000000000010       0.6703120000000000      -0.3943010000000000       0.0000000000000000
 2452156.5000100001000000      12.3973000000000000       1.3551500000000001      -8.0665899999999997       0.0000000000000000
 2452157.5000100001000000      12.3094000000000000       1.8158600000000000      -9.9805799999999998       0.0000000000000000
 2452158.5000100001000000      12.4852000000000010       1.3323199999999999      -2.5899399999999999       0.0000000000000000
 2452159.5000100001000000      12.4852000000000010       1.0563100000000001      -4.8488100000000003       0.0000000000000000
 2452160.5000100001000000      12.4852000000000010       1.3385499999999999      -0.7657740000000000       0.0000000000000000
 2452161.5000100001000000      12.4852000000000010       1.1040399999999999       2.3927800000000001       0.0000000000000000
 2452162.5000100001000000      12.4852000000000010       0.7284190000000000      -4.9148100000000001       0.0000000000000000
 2452163.5000100001000000      12.3973000000000000       1.9798100000000001       8.3838899999999992       0.0000000000000000
 2452164.5000100001000000      12.4852000000000010       1.6519100000000000      -4.0217499999999999       0.0000000000000000
 2452165.5000100001000000      12.4852000000000010       1.5875800000000000      -3.0464899999999999       0.0000000000000000
 2452166.5000100001000000      12.4852000000000010       1.7660499999999999       0.5727740000000000       0.0000000000000000
 2452167.5000100001000000      12.4852000000000010       1.6705900000000000      -5.0529999999999999       0.0000000000000000
 2452168.5000100001000000      12.4852000000000010       2.5048499999999998      -6.4596200000000001       0.0000000000000000
 2452169.5000100001000000      12.4852000000000010      -3.2270400000000001      -3.9536899999999999       0.0000000000000000
 2452170.5000100001000000      12.3094000000000000       1.2015800000000001      12.7242000000000000       0.0000000000000000
 2452171.5000100001000000      12.3973000000000000       2.0192399999999999       9.9602400000000006       0.0000000000000000
 2452172.5000100001000000      12.3094000000000000       1.5211699999999999     -11.9506999999999990       0.0000000000000000
 2452173.5000100001000000      12.3094000000000000       1.7390800000000000     -12.8919999999999990       0.0000000000000000
 2452174.5000100001000000      11.7819000000000000     -16.2852999999999990      14.9347999999999990       0.0000000000000000
 2452175.5000100001000000      11.8698000000000000     -15.4419000000000000      14.2075999999999990       0.0000000000000000
 2452176.5000100001000000      12.4852000000000010       0.7699250000000000      -8.0015000000000001       0.0000000000000000
 2452177.5000100001000000      12.3094000000000000     -10.3049000000000000      -3.8443700000000001       0.0000000000000000
 2452178.5000100001000000      12.3094000000000000       0.0788602000000000      10.8918000000000000       0.0000000000000000
 2452179.5000100001000000      12.3094000000000000       0.0788602000000000      10.7311000000000000       0.0000000000000000
 2452180.5000100001000000      12.3973000000000000       0.2739350000000000      10.5440000000000000       0.0000000000000000
 2452181.5000100001000000      12.3973000000000000       0.2739350000000000      10.5176000000000000       0.0000000000000000
 2452182.5000100001000000      12.3094000000000000                      NaN                      NaN       0.0000000000000000
 2452183.5000100001000000      12.3094000000000000                      NaN                      NaN       0.0000000000000000
 2452184.5000100001000000      12.1335999999999990                      NaN                      NaN       0.0000000000000000
 2452185.5000100001000000      12.0456000000000000                      NaN                      NaN       0.0000000000000000
 2452186.5000100001000000      12.3973000000000000                      NaN                      NaN       0.0000000000000000
 2452187.5000100001000000      12.5731000000000000                      NaN                      NaN       0.0000000000000000
 2452188.5000100001000000      12.2215000000000010                      NaN                      NaN       0.0000000000000000
 2452189.5000100001000000      12.0456000000000000                      NaN                      NaN       0.0000000000000000
 2452190.5000100001000000      12.3973000000000000                      NaN                      NaN       0.0000000000000000
 2452191.5000100001000000      12.3973000000000000                      NaN                      NaN       0.0000000000000000
 2452192.5000100001000000      12.5731000000000000                      NaN                      NaN       0.0000000000000000
 2452193.5000100001000000      12.5731000000000000                      NaN                      NaN       0.0000000000000000
 2452194.5000100001000000      12.3973000000000000                      NaN                      NaN       0.0000000000000000
 2452195.5000100001000000      12.3973000000000000                      NaN                      NaN       0.0000000000000000
 2452196.5000100001000000      12.3973000000000000                      NaN                      NaN       0.0000000000000000
 2452197.5000100001000000      12.5731000000000000                      NaN                      NaN       0.0000000000000000
 2452198.5000100001000000      12.5731000000000000                      NaN                      NaN       0.0000000000000000
 2452199.5000100001000000      12.5731000000000000                      NaN                      NaN       0.0000000000000000
 2452200.5000100001000000      12.3973000000000000                      NaN                      NaN       0.0000000000000000
 2452201.5000100001000000      12.6610999999999990                      NaN                      NaN       0.0000000000000000
 2452202.5000100001000000      12.3094000000000000                      NaN                      NaN       0.0000000000000000
 2452203.5000100001000000      12.6610999999999990                      NaN                      NaN       0.0000000000000000
 2452204.5000100001000000      12.4852000000000010                      NaN                      NaN       0.0000000000000000
 2452205.5000100001000000      12.4852000000000010                      NaN                      NaN       0.0000000000000000
 2452206.5000100001000000      12.4852000000000010                      NaN                      NaN       0.0000000000000000
 2452207.5000100001000000      12.4852000000000010                      NaN                      NaN       0.0000000000000000
 2452208.5000100001000000      12.5731000000000000                      NaN                      NaN       0.0000000000000000
 2452209.5000100001000000      12.4852000000000010                      NaN                      NaN       0.0000000000000000
 2452210.5000100001000000      12.2215000000000010                      NaN                      NaN       0.0000000000000000
 2452211.5000100001000000      12.3973000000000000                      NaN                      NaN       0.0000000000000000
 2452212.5000100001000000      12.0456000000000000                      NaN                      NaN       0.0000000000000000
 2452213.5000100001000000      12.6610999999999990                      NaN                      NaN       0.0000000000000000
 2452214.5000100001000000      12.3094000000000000                      NaN                      NaN       0.0000000000000000
 2452215.5000100001000000      12.5731000000000000                      NaN                      NaN       0.0000000000000000
 2452216.5000100001000000      12.6610999999999990                      NaN                      NaN       0.0000000000000000
 2452217.5000100001000000      12.3973000000000000                      NaN                      NaN       0.0000000000000000
 2452218.5000100001000000      12.3094000000000000                      NaN                      NaN       0.0000000000000000
 2452219.5000100001000000      11.9577000000000010                      NaN                      NaN       0.0000000000000000
 2452220.5000100001000000      12.5731000000000000                      NaN                      NaN       0.0000000000000000
 2452221.5000100001000000      12.5731000000000000                      NaN                      NaN       0.0000000000000000
 2452222.5000100001000000      12.4852000000000010                      NaN                      NaN       0.0000000000000000
 2452223.5000100001000000      12.4852000000000010                      NaN                      NaN       0.0000000000000000
 2452224.5000100001000000      12.5731000000000000                      NaN                      NaN       0.0000000000000000
 2452225.5000100001000000      12.4852000000000010                      NaN                      NaN       0.0000000000000000
 2452226.5000100001000000      12.5731000000000000                      NaN                      NaN       0.0000000000000000
 2452227.5000100001000000      12.1335999999999990                      NaN                      NaN       0.0000000000000000
 2452228.5000100001000000      12.4852000000000010                      NaN                      NaN       0.0000000000000000
 2452229.5000100001000000      12.5731000000000000                      NaN                      NaN       0.0000000000000000
 2452230.5000100001000000      12.5731000000000000                      NaN                      NaN       0.0000000000000000
 2452231.5000100001000000      12.6610999999999990                      NaN                      NaN       0.0000000000000000
 2452232.5000100001000000      12.6610999999999990                      NaN                      NaN       0.0000000000000000
 2452233.5000100001000000      12.5731000000000000                      NaN                      NaN       0.0000000000000000
 2452234.5000100001000000      12.5731000000000000                      NaN                      NaN       0.0000000000000000
 2452235.5000100001000000      12.3973000000000000                      NaN                      NaN       0.0000000000000000
 2452236.5000100001000000      12.2215000000000010                      NaN                      NaN       0.0000000000000000
 2452237.5000100001000000      12.5731000000000000                      NaN                      NaN       0.0000000000000000
 2452238.5000100001000000      12.3094000000000000                      NaN                      NaN       0.0000000000000000
 2452239.5000100001000000      12.3973000000000000                      NaN                      NaN       0.0000000000000000
 2452240.5000100001000000      12.4852000000000010                      NaN                      NaN       0.0000000000000000
 2452241.5000100001000000      12.4852000000000010                      NaN                      NaN       0.0000000000000000
 2452242.5000100001000000      12.3973000000000000                      NaN                      NaN       0.0000000000000000
 2452243.5000100001000000      12.2215000000000010                      NaN                      NaN       0.0000000000000000
 2452244.5000100001000000      12.5731000000000000                      NaN                      NaN       0.0000000000000000
 2452245.5000100001000000      12.5731000000000000                      NaN                      NaN       0.0000000000000000
 2452246.5000100001000000      12.3094000000000000                      NaN                      NaN       0.0000000000000000
 2452247.5000100001000000      12.1335999999999990                      NaN                      NaN       0.0000000000000000
 2452248.5000100001000000      12.4852000000000010                      NaN                      NaN       0.0000000000000000
 2452249.5000100001000000      12.5731000000000000                      NaN                      NaN       0.0000000000000000
 2452250.5000100001000000      12.4852000000000010                      NaN                      NaN       0.0000000000000000
 2452251.5000100001000000      12.3973000000000000                      NaN                      NaN       0.0000000000000000
 2452252.5000100001000000      12.4852000000000010                      NaN                      NaN       0.0000000000000000
 2452253.5000100001000000      12.3094000000000000                      NaN                      NaN       0.0000000000000000
 2452254.5000100001000000      12.4852000000000010                      NaN                      NaN       0.0000000000000000
 2452255.5000100001000000      12.3973000000000000                      NaN                      NaN       0.0000000000000000
 2452256.5000100001000000      12.0456000000000000                      NaN                      NaN       0.0000000000000000
 2452257.5000100001000000      12.0456000000000000                      NaN                      NaN       0.0000000000000000
 2452258.5000100001000000      12.5731000000000000                      NaN                      NaN       0.0000000000000000
 2452259.5000100001000000      12.4852000000000010                      NaN                      NaN       0.0000000000000000
 2452260.5000100001000000      12.3973000000000000                      NaN                      NaN       0.0000000000000000
 2452261.5000100001000000      12.3973000000000000                      NaN                      NaN       0.0000000000000000
 2452262.5000100001000000      12.4852000000000010                      NaN                      NaN       0.0000000000000000
 2452263.5000100001000000      12.4852000000000010                      NaN                      NaN       0.0000000000000000
 2452264.5000100001000000      12.5731000000000000                      NaN                      NaN       0.0000000000000000
 2452265.5000100001000000      12.3973000000000000                      NaN                      NaN       0.0000000000000000
 2452266.5000100001000000      12.2215000000000010                      NaN                      NaN       0.0000000000000000
 2452267.5000100001000000      12.4852000000000010                      NaN                      NaN       0.0000000000000000
 2452268.5000100001000000      12.1335999999999990                      NaN                      NaN       0.0000000000000000
 2452269.5000100001000000      12.5731000000000000                      NaN                      NaN       0.0000000000000000
 2452270.5000100001000000      12.5731000000000000                      NaN                      NaN       0.0000000000000000
 2452271.5000100001000000      12.5731000000000000                      NaN                      NaN       0.0000000000000000
 2452272.5000100001000000      12.5731000000000000                      NaN                      NaN       0.0000000000000000
 2452273.5000100001000000      12.5731000000000000                      NaN                      NaN       0.0000000000000000
 2452274.5000100001000000      12.6610999999999990                      NaN                      NaN       0.0000000000000000
