Time P3114 A5334 A5335 A5016
 2453005.5000000000000000      11.9577000000000010       0.1224410000000000      -7.2041899999999996       0.0000000000000000
 2453006.5000000000000000      11.8698000000000000      -0.4544840000000000     -13.0907000000000000       0.0000000000000000
 2453007.5000000000000000      11.9577000000000010       0.0083010800000000       8.6686499999999995       0.0000000000000000
 2453008.5000000000000000      11.7819000000000000       0.6163550000000000     -14.5779999999999990       0.0000000000000000
 2453009.5000000000000000      12.0456000000000000      -0.3465700000000000      -4.0733100000000002       0.0000000000000000
 2453010.5000000000000000      12.0456000000000000       0.0228280000000000       3.9186299999999998       0.0000000000000000
 2453011.5000000000000000      11.7819000000000000      -0.2469570000000000     -14.9368000000000000       0.0000000000000000
 2453012.5000000000000000      12.0456000000000000      -0.3361940000000000      -3.3349600000000001       0.0000000000000000
 2453013.5000000000000000      12.0456000000000000      -0.0498065000000000      -1.3115699999999999       0.0000000000000000
 2453014.5000000000000000      11.8698000000000000       0.4980650000000000      13.0753000000000000       0.0000000000000000
 2453015.5000000000000000      11.6060000000000000      -0.3299680000000000      18.9322000000000020       0.0000000000000000
 2453016.5000000000000000      12.0456000000000000       0.1971510000000000      -4.5126299999999997       0.0000000000000000
 2453017.5000000000000000      11.9577000000000010      -0.4150540000000000      -8.2110000000000003       0.0000000000000000
 2453018.5000000000000000      11.6060000000000000      -0.6059780000000000     -18.8752999999999990       0.0000000000000000
 2453019.5000000000000000      12.0456000000000000      -0.1162150000000000      -0.2158280000000000       0.0000000000000000
 2453020.5000000000000000      11.9577000000000010       0.7221940000000000      10.9488000000000000       0.0000000000000000
 2453021.5000000000000000      12.0456000000000000      -0.3237420000000000       4.2795600000000000       0.0000000000000000
 2453022.5000000000000000      11.7819000000000000      -0.0913118000000000     -14.3619000000000000       0.0000000000000000
 2453023.5000000000000000      12.0456000000000000      -0.1348920000000000       4.1826200000000000       0.0000000000000000
 2453024.5000000000000000      12.0456000000000000       0.2448820000000000      -5.5438799999999997       0.0000000000000000
 2453025.5000000000000000      11.6060000000000000      -0.0996129000000000     -18.5985000000000010       0.0000000000000000
 2453026.5000000000000000      11.6940000000000010       0.2054520000000000     -16.3546000000000010       0.0000000000000000
 2453027.5000000000000000      11.8698000000000000       0.0228280000000000      13.3010000000000000       0.0000000000000000
 2453028.5000000000000000      12.0456000000000000       0.1639460000000000      -3.7247499999999998       0.0000000000000000
 2453029.5000000000000000      11.6060000000000000       0.2552580000000000     -17.3402999999999990       0.0000000000000000
 2453030.5000000000000000      11.6060000000000000      -3.4573999999999998      17.5563000000000000       0.0000000000000000
 2453031.5000000000000000      11.8698000000000000      -0.0643333000000000      -9.9276999999999997       0.0000000000000000
 2453032.5000000000000000      12.0456000000000000       0.1888490000000000       0.5374950000000000       0.0000000000000000
 2453033.5000000000000000      11.6940000000000010       0.0601828000000000     -15.1991000000000000       0.0000000000000000
 2453034.5000000000000000      11.8698000000000000       0.0933871000000000     -10.0050000000000010       0.0000000000000000
 2453035.5000000000000000      11.7819000000000000      -0.2469570000000000     -13.9588000000000000       0.0000000000000000
 2453036.5000000000000000      11.8698000000000000      -0.1930000000000000      11.7156000000000000       0.0000000000000000
 2453037.5000000000000000      11.6060000000000000       0.4607100000000000     -18.0192000000000010       0.0000000000000000
 2453038.5000000000000000      11.8698000000000000       0.0166022000000000     -10.4993000000000000       0.0000000000000000
 2453039.5000000000000000      11.9577000000000010       0.2511080000000000      -7.1154999999999999       0.0000000000000000
 2453040.5000000000000000      12.0456000000000000      -0.4482580000000000       1.5813500000000000       0.0000000000000000
 2453041.5000000000000000      11.9577000000000010       0.4607100000000000      -4.9003699999999997       0.0000000000000000
 2453042.5000000000000000      11.6940000000000010       0.4254300000000000      16.7056000000000000       0.0000000000000000
 2453043.5000000000000000      11.6940000000000010      -0.1826240000000000      15.3168000000000010       0.0000000000000000
 2453044.5000000000000000      11.4301999999999990      11.1501000000000000      19.2860000000000010       0.0000000000000000
 2453045.5000000000000000      11.9577000000000010      -0.1411180000000000       3.4532500000000002       0.0000000000000000
 2453046.5000000000000000      11.7819000000000000      -0.1369680000000000      12.9036000000000010       0.0000000000000000
 2453047.5000000000000000      11.9577000000000010       0.5188170000000000      -2.4280599999999999       0.0000000000000000
 2453048.5000000000000000      11.8698000000000000      -0.1701720000000000      -8.4977999999999998       0.0000000000000000
 2453049.5000000000000000      11.9577000000000010      -0.1411180000000000       3.2892999999999999       0.0000000000000000
 2453050.5000000000000000      11.6060000000000000       0.1680970000000000     -17.4039000000000000       0.0000000000000000
 2453051.5000000000000000      11.7819000000000000      -0.7761510000000000      14.1709000000000000       0.0000000000000000
 2453052.5000000000000000      11.9577000000000010       0.4212800000000000      -6.9587500000000002       0.0000000000000000
 2453053.5000000000000000      11.6940000000000010       2.5401300000000000      15.1952000000000000       0.0000000000000000
 2453054.5000000000000000      11.5181000000000000      -0.4378820000000000     -17.4791999999999990       0.0000000000000000
 2453055.5000000000000000      11.8698000000000000      -0.3922260000000000      -7.5362499999999999       0.0000000000000000
 2453056.5000000000000000      11.5181000000000000       0.4544840000000000      19.5078000000000000       0.0000000000000000
 2453057.5000000000000000      11.6940000000000010      -1.3406199999999999      13.9472000000000000       0.0000000000000000
 2453058.5000000000000000      11.8698000000000000       0.2614840000000000       8.9269700000000007       0.0000000000000000
 2453059.5000000000000000      11.8698000000000000      -0.3839250000000000      10.0436000000000000       0.0000000000000000
 2453060.5000000000000000      11.8698000000000000      -0.0145269000000000       9.0449400000000004       0.0000000000000000
 2453061.5000000000000000      11.8698000000000000      -0.6288060000000000       9.2971599999999999       0.0000000000000000
 2453062.5000000000000000      11.8698000000000000       0.5499460000000001      -4.5415000000000001       0.0000000000000000
 2453063.5000000000000000      11.4301999999999990       1.3821300000000001      19.1191999999999990       0.0000000000000000
 2453064.5000000000000000      11.9577000000000010       0.0124516000000000       3.7639399999999998       0.0000000000000000
 2453065.5000000000000000      11.7819000000000000      -0.4005270000000000      10.5359000000000000       0.0000000000000000
 2453066.5000000000000000      11.7819000000000000      -0.3984520000000000      10.8348999999999990       0.0000000000000000
 2453067.5000000000000000      11.7819000000000000      -0.3984520000000000      11.1074000000000000       0.0000000000000000
 2453068.5000000000000000      11.3423000000000000       0.4067530000000000     -19.7847000000000010       0.0000000000000000
 2453069.5000000000000000      11.5181000000000000      14.9483000000000000       7.6971200000000000       0.0000000000000000
 2453070.5000000000000000      11.4301999999999990       0.2345050000000000     -18.3363000000000010       0.0000000000000000
 2453071.5000000000000000      11.7819000000000000       7.0969400000000000       3.9640000000000000       0.0000000000000000
 2453072.5000000000000000      11.7819000000000000       0.0539570000000000      -7.4599399999999996       0.0000000000000000
 2453073.5000000000000000      11.6940000000000010       8.6869599999999991       9.2890200000000007       0.0000000000000000
 2453074.5000000000000000      11.5181000000000000       4.5415000000000001      17.0856999999999990       0.0000000000000000
 2453075.5000000000000000      11.8698000000000000       0.6080540000000000      -3.5507900000000001       0.0000000000000000
 2453076.5000000000000000      11.4301999999999990       0.1660220000000000      18.7946999999999990       0.0000000000000000
 2453077.5000000000000000      11.7819000000000000       0.4212800000000000      -9.4232700000000005       0.0000000000000000
 2453078.5000000000000000      11.0785000000000000      17.4424999999999990     -16.9661000000000010       0.0000000000000000
 2453079.5000000000000000      11.6940000000000010       0.3984520000000000     -10.4464000000000010       0.0000000000000000
 2453080.5000000000000000      11.7819000000000000       0.1763980000000000      -6.4637500000000001       0.0000000000000000
 2453081.5000000000000000      11.7819000000000000      -0.2760110000000000      -7.3568100000000003       0.0000000000000000
 2453082.5000000000000000      11.7819000000000000       0.1680970000000000      -8.2638900000000000       0.0000000000000000
 2453083.5000000000000000      11.6940000000000010      -0.2884620000000000      -9.1405399999999997       0.0000000000000000
 2453084.5000000000000000      11.5181000000000000       0.1701720000000000     -14.9521999999999990       0.0000000000000000
 2453085.5000000000000000      11.8698000000000000       0.0373548000000000      -1.7909600000000001       0.0000000000000000
 2453086.5000000000000000      11.6940000000000010      -0.2262040000000000     -10.8267000000000010       0.0000000000000000
 2453087.5000000000000000      11.3423000000000000       0.4669350000000000     -18.3913000000000010       0.0000000000000000
 2453088.5000000000000000      11.7819000000000000       0.0560323000000000       3.1378100000000000       0.0000000000000000
 2453089.5000000000000000      11.7819000000000000       0.6474840000000000      -2.1707299999999998       0.0000000000000000
 2453090.5000000000000000      11.5181000000000000      -0.3714730000000000     -14.6435000000000000       0.0000000000000000
 2453091.5000000000000000      11.7819000000000000      -0.4627850000000000       5.5624399999999996       0.0000000000000000
 2453092.5000000000000000      11.6060000000000000       0.0145269000000000     -11.7888000000000000       0.0000000000000000
 2453093.5000000000000000      11.5181000000000000      -0.1016880000000000     -12.7338000000000000       0.0000000000000000
 2453094.5000000000000000      11.5181000000000000       0.0041505400000000     -13.7080000000000000       0.0000000000000000
 2453095.5000000000000000      11.4301999999999990      -0.1141400000000000     -14.6609000000000000       0.0000000000000000
 2453096.5000000000000000      11.2544000000000000       4.4239400000000000      18.8862999999999990       0.0000000000000000
 2453097.5000000000000000      11.6940000000000010      -0.0352796000000000      -7.3568100000000003       0.0000000000000000
 2453098.5000000000000000      11.4301999999999990       0.2303550000000000      16.5398000000000000       0.0000000000000000
 2453099.5000000000000000      11.3423000000000000     -16.0360000000000010       3.8423099999999999       0.0000000000000000
 2453100.5000000000000000      11.6060000000000000      -0.0020752700000000      -8.6869599999999991       0.0000000000000000
 2453101.5000000000000000      11.2544000000000000      -0.1390430000000000     -18.5232999999999990       0.0000000000000000
 2453102.5000000000000000      11.6940000000000010       0.1577200000000000      -8.0360800000000001       0.0000000000000000
 2453103.5000000000000000      11.5181000000000000      -0.3382690000000000      13.2913000000000000       0.0000000000000000
 2453104.5000000000000000      11.2544000000000000      -0.0850860000000000      19.4327000000000010       0.0000000000000000
 2453105.5000000000000000      11.4301999999999990       0.2760110000000000     -15.2705000000000000       0.0000000000000000
 2453106.5000000000000000      11.6940000000000010       0.1826240000000000       1.7203999999999999       0.0000000000000000
 2453107.5000000000000000      11.4301999999999990      -0.6018280000000000     -13.0290000000000000       0.0000000000000000
 2453108.5000000000000000      11.5181000000000000      -0.1971510000000000     -11.1135000000000000       0.0000000000000000
 2453109.5000000000000000      11.6940000000000010       0.7159680000000001      -3.0880000000000001       0.0000000000000000
 2453110.5000000000000000      11.6940000000000010      -0.2407310000000000       6.0553800000000004       0.0000000000000000
 2453111.5000000000000000      11.6060000000000000       0.5208930000000001       6.6555600000000004       0.0000000000000000
 2453112.5000000000000000      11.3423000000000000       0.0581075000000000     -16.1924999999999990       0.0000000000000000
 2453113.5000000000000000      11.6940000000000010      -0.6080540000000000       2.1541299999999999       0.0000000000000000
 2453114.5000000000000000      11.6940000000000010      -0.2531830000000000      -2.6937000000000002       0.0000000000000000
 2453115.5000000000000000      11.1663999999999990       0.1265910000000000     -19.0751999999999990       0.0000000000000000
 2453116.5000000000000000      11.1663999999999990      18.0595000000000000       1.9652799999999999       0.0000000000000000
 2453117.5000000000000000      11.1663999999999990      18.8277000000000000       2.5816300000000001       0.0000000000000000
 2453118.5000000000000000      11.5181000000000000      -0.2345050000000000      -9.3744499999999995       0.0000000000000000
 2453119.5000000000000000      11.4301999999999990      -0.2884620000000000     -11.2639999999999990       0.0000000000000000
 2453120.5000000000000000      11.2544000000000000       0.1390430000000000     -15.6659000000000010       0.0000000000000000
 2453121.5000000000000000      11.5181000000000000      -0.5769250000000000       8.6828900000000004       0.0000000000000000
 2453122.5000000000000000      11.6060000000000000       0.2490320000000000       7.9547200000000000       0.0000000000000000
 2453123.5000000000000000      11.6060000000000000      -0.6557850000000000       1.2762899999999999       0.0000000000000000
 2453124.5000000000000000      11.2544000000000000       0.0041505400000000     -15.5367000000000000       0.0000000000000000
 2453125.5000000000000000      11.6060000000000000       0.7969030000000000       2.8763200000000002       0.0000000000000000
 2453126.5000000000000000      11.2544000000000000      14.5934000000000010       7.7899399999999996       0.0000000000000000
 2453127.5000000000000000      11.0785000000000000      -0.3092150000000000      19.2932999999999990       0.0000000000000000
 2453128.5000000000000000      11.1663999999999990       0.1120650000000000     -17.8157000000000000       0.0000000000000000
 2453129.5000000000000000      11.1663999999999990      -0.5831510000000000     -16.8445000000000000       0.0000000000000000
 2453130.5000000000000000      11.6060000000000000       0.2614840000000000      -0.0062258100000000       0.0000000000000000
 2453131.5000000000000000      11.3423000000000000       0.2511080000000000     -12.9286999999999990       0.0000000000000000
 2453132.5000000000000000      11.2544000000000000       0.4669350000000000      15.7585000000000000       0.0000000000000000
 2453133.5000000000000000      11.5181000000000000      -0.1618710000000000       5.8161199999999997       0.0000000000000000
 2453134.5000000000000000      11.6060000000000000       0.2428060000000000      -0.3631720000000000       0.0000000000000000
 2453135.5000000000000000      11.5181000000000000       0.5271180000000000      -6.1090000000000000       0.0000000000000000
 2453136.5000000000000000      11.4301999999999990      -1.5398499999999999      -9.5392100000000006       0.0000000000000000
 2453137.5000000000000000      11.5181000000000000      -1.9652799999999999       2.0026299999999999       0.0000000000000000
 2453138.5000000000000000      11.2544000000000000      -0.0352796000000000     -13.9395000000000010       0.0000000000000000
 2453139.5000000000000000      11.5181000000000000       0.7906770000000000      -1.7971800000000000       0.0000000000000000
 2453140.5000000000000000      11.1663999999999990       0.2946880000000000      16.1250000000000000       0.0000000000000000
 2453141.5000000000000000      11.4301999999999990       0.5167420000000000      -6.9876300000000002       0.0000000000000000
 2453142.5000000000000000      11.3423000000000000      -0.0560323000000000      11.7928999999999990       0.0000000000000000
 2453143.5000000000000000      11.5181000000000000      -0.0954624000000000       1.1414000000000000       0.0000000000000000
 2453144.5000000000000000      11.2544000000000000      -0.0705591000000000     -13.5074000000000010       0.0000000000000000
 2453145.5000000000000000      11.0785000000000000      -0.3237420000000000      17.3210000000000020       0.0000000000000000
 2453146.5000000000000000      11.5181000000000000      -1.4360900000000001      -2.2226100000000000       0.0000000000000000
 2453147.5000000000000000      10.9906000000000010      -0.5312690000000000      19.0751999999999990       0.0000000000000000
 2453148.5000000000000000      11.0785000000000000      -0.2054520000000000     -16.4316999999999990       0.0000000000000000
 2453149.5000000000000000      11.4301999999999990       0.3195910000000000      -6.9236899999999997       0.0000000000000000
 2453150.5000000000000000      11.3423000000000000       0.2594090000000000      10.6538000000000000       0.0000000000000000
 2453151.5000000000000000      11.0785000000000000      -0.3009140000000000      18.1254999999999990       0.0000000000000000
 2453152.5000000000000000      11.3423000000000000       0.1992260000000000      11.6260999999999990       0.0000000000000000
 2453153.5000000000000000      11.3423000000000000      -0.5540970000000000      11.5915000000000000       0.0000000000000000
 2453154.5000000000000000      11.2544000000000000       8.6747599999999991      12.1763999999999990       0.0000000000000000
 2453155.5000000000000000      11.3423000000000000       2.0877200000000000      10.0579000000000000       0.0000000000000000
 2453156.5000000000000000      11.3423000000000000      -0.0041505400000000      -9.7649799999999995       0.0000000000000000
 2453157.5000000000000000      11.3423000000000000       0.4752370000000000      10.0843000000000010       0.0000000000000000
 2453158.5000000000000000      11.4301999999999990      -2.8368899999999999      -7.0886899999999997       0.0000000000000000
 2453159.5000000000000000      11.4301999999999990      -3.6773099999999999      -3.1523300000000001       0.0000000000000000
 2453160.5000000000000000      11.2544000000000000       0.1224410000000000      13.1331000000000010       0.0000000000000000
 2453161.5000000000000000      11.4301999999999990      -0.1411180000000000      -4.5930600000000004       0.0000000000000000
 2453162.5000000000000000      11.2544000000000000      -1.5979600000000000     -12.6953000000000000       0.0000000000000000
 2453163.5000000000000000      11.2544000000000000      -1.0521600000000000     -11.9449000000000010       0.0000000000000000
 2453164.5000000000000000      11.0785000000000000      -2.9717799999999999     -15.1509000000000000       0.0000000000000000
 2453165.5000000000000000      11.3423000000000000       8.2821899999999999       2.5795599999999999       0.0000000000000000
 2453166.5000000000000000      11.4301999999999990      -0.0062258100000000       2.8680200000000000       0.0000000000000000
 2453167.5000000000000000      11.1663999999999990      -0.0850860000000000      14.1922000000000000       0.0000000000000000
 2453168.5000000000000000      11.0785000000000000       0.0975376000000000      16.4356000000000010       0.0000000000000000
 2453169.5000000000000000      11.3423000000000000      10.1067000000000000       1.4008100000000001       0.0000000000000000
 2453170.5000000000000000      11.4301999999999990       0.0892366000000000       6.9690599999999998       0.0000000000000000
 2453171.5000000000000000      11.2544000000000000      -0.0954624000000000      13.2894000000000010       0.0000000000000000
 2453172.5000000000000000      11.3423000000000000       8.4062699999999992       0.0954624000000000       0.0000000000000000
 2453173.5000000000000000      11.2544000000000000      -0.0892366000000000      12.8149000000000000       0.0000000000000000
 2453174.5000000000000000      11.4301999999999990       1.0355600000000000      -2.9780099999999998       0.0000000000000000
 2453175.5000000000000000      11.4301999999999990       1.5543800000000001      -2.1977099999999998       0.0000000000000000
 2453176.5000000000000000      11.4301999999999990      -0.0456559000000000       6.7236300000000000       0.0000000000000000
 2453177.5000000000000000      11.2544000000000000      -0.0996129000000000      11.7624000000000000       0.0000000000000000
 2453178.5000000000000000      11.1663999999999990      -0.0975376000000000     -13.6713000000000000       0.0000000000000000
 2453179.5000000000000000      11.2544000000000000      -0.0581075000000000      11.2151999999999990       0.0000000000000000
 2453180.5000000000000000      11.1663999999999990       0.0539570000000000      14.3175000000000010       0.0000000000000000
 2453181.5000000000000000      11.2544000000000000      -0.0373548000000000      10.6660000000000000       0.0000000000000000
 2453182.5000000000000000      10.9906000000000010       0.0788602000000000      18.1071999999999990       0.0000000000000000
 2453183.5000000000000000      11.3423000000000000      -0.0332043000000000      10.1189000000000000       0.0000000000000000
 2453184.5000000000000000      11.4301999999999990      -0.0643333000000000      -1.8947200000000000       0.0000000000000000
 2453185.5000000000000000      11.3423000000000000      -0.1016880000000000       9.5758200000000002       0.0000000000000000
 2453186.5000000000000000      11.4301999999999990      -0.0020752700000000       3.4573999999999998       0.0000000000000000
 2453187.5000000000000000      11.3423000000000000      -0.0290538000000000       8.9737500000000008       0.0000000000000000
 2453188.5000000000000000      10.9906000000000010      -0.1245160000000000     -17.2109999999999990       0.0000000000000000
 2453189.5000000000000000      11.3423000000000000      -0.0269785000000000       8.4042300000000001       0.0000000000000000
 2453190.5000000000000000      10.9906000000000010       0.0498065000000000      17.2361000000000000       0.0000000000000000
 2453191.5000000000000000      11.3423000000000000      -0.0249032000000000       7.8204799999999999       0.0000000000000000
 2453192.5000000000000000      11.0785000000000000      -0.0311290000000000      15.5868000000000000       0.0000000000000000
 2453193.5000000000000000      11.3423000000000000      -0.0228280000000000       7.2165600000000003       0.0000000000000000
 2453194.5000000000000000      11.0785000000000000       0.1328170000000000      15.6042000000000010       0.0000000000000000
 2453195.5000000000000000      11.3423000000000000      -0.0186774000000000       6.6060600000000003       0.0000000000000000
 2453196.5000000000000000      11.1663999999999990       0.0228280000000000      13.5035000000000010       0.0000000000000000
 2453197.5000000000000000      11.3423000000000000      -0.0166022000000000       6.0079399999999996       0.0000000000000000
 2453198.5000000000000000      10.9906000000000010       7.3238099999999999      16.4683999999999990       0.0000000000000000
 2453199.5000000000000000      11.4301999999999990      -0.0622581000000000       5.4056899999999999       0.0000000000000000
 2453200.5000000000000000      11.3423000000000000      -0.0747097000000000      -9.3581800000000008       0.0000000000000000
 2453201.5000000000000000      11.4301999999999990      -0.0124516000000000       4.7601300000000002       0.0000000000000000
 2453202.5000000000000000      11.4301999999999990       0.0518817000000000      -1.3696800000000000       0.0000000000000000
 2453203.5000000000000000      11.4301999999999990      -0.0124516000000000       4.1475600000000004       0.0000000000000000
 2453204.5000000000000000      11.4301999999999990       0.0332043000000000       1.0770599999999999       0.0000000000000000
 2453205.5000000000000000      11.4301999999999990      -0.1431940000000000       3.5528599999999999       0.0000000000000000
 2453206.5000000000000000      11.1663999999999990      -0.0083010800000000     -13.1447000000000000       0.0000000000000000
 2453207.5000000000000000      11.4301999999999990      -0.0103763000000000       2.8825500000000002       0.0000000000000000
 2453208.5000000000000000      11.0785000000000000      -0.1079140000000000     -15.4364000000000010       0.0000000000000000
 2453209.5000000000000000      11.4301999999999990      -0.0186774000000000       2.2433700000000001       0.0000000000000000
 2453210.5000000000000000      11.4301999999999990       0.0643333000000000       2.5380500000000001       0.0000000000000000
 2453211.5000000000000000      11.4301999999999990      -0.0207527000000000       1.6145600000000000       0.0000000000000000
 2453212.5000000000000000      11.3423000000000000       0.1141400000000000       9.3297000000000008       0.0000000000000000
 2453213.5000000000000000      11.4301999999999990      -0.0228280000000000       0.9691510000000000       0.0000000000000000
 2453214.5000000000000000      11.2544000000000000      -0.0311290000000000     -10.8613000000000000       0.0000000000000000
 2453215.5000000000000000      11.4301999999999990      -0.0249032000000000       0.3237420000000000       0.0000000000000000
 2453216.5000000000000000      11.2544000000000000       0.0892366000000000     -12.5043000000000010       0.0000000000000000
 2453217.5000000000000000      11.4301999999999990      -0.0290538000000000      -0.3050650000000000       0.0000000000000000
 2453218.5000000000000000      11.4301999999999990      -0.0269785000000000       8.2293099999999999       0.0000000000000000
 2453219.5000000000000000      11.4301999999999990      -0.0311290000000000      -0.9504730000000000       0.0000000000000000
 2453220.5000000000000000      11.4301999999999990      -1.9652799999999999       0.6184300000000000       0.0000000000000000
 2453221.5000000000000000      11.4301999999999990      -0.0352796000000000      -1.5958800000000000       0.0000000000000000
 2453222.5000000000000000      10.9906000000000010      -0.0705591000000000      17.7441999999999990       0.0000000000000000
 2453223.5000000000000000      11.4301999999999990      -0.0394301000000000      -2.2288399999999999       0.0000000000000000
 2453224.5000000000000000      11.2544000000000000       0.0518817000000000      13.2449999999999990       0.0000000000000000
 2453225.5000000000000000      11.4301999999999990      -0.0415054000000000      -2.8680200000000000       0.0000000000000000
 2453226.5000000000000000      11.3423000000000000       0.0850860000000000      10.9080999999999990       0.0000000000000000
 2453227.5000000000000000      11.4301999999999990      -0.0456559000000000      -3.5051299999999999       0.0000000000000000
 2453228.5000000000000000      10.9026999999999990      -0.1016880000000000     -18.8129999999999990       0.0000000000000000
 2453229.5000000000000000      11.4301999999999990      -0.0498065000000000      -4.1372499999999999       0.0000000000000000
 2453230.5000000000000000      10.9906000000000010       0.1826240000000000      19.0257000000000010       0.0000000000000000
 2453231.5000000000000000      11.4301999999999990      -0.0518817000000000      -4.8323099999999997       0.0000000000000000
 2453232.5000000000000000      11.2544000000000000       0.1328170000000000      14.2944000000000000       0.0000000000000000
 2453233.5000000000000000      11.3423000000000000      -0.0560323000000000      -5.4613800000000001       0.0000000000000000
 2453234.5000000000000000      11.3423000000000000       0.1971510000000000      11.6607000000000000       0.0000000000000000
 2453235.5000000000000000      11.3423000000000000      -0.0601828000000000      -6.0883799999999999       0.0000000000000000
 2453236.5000000000000000      11.1663999999999990      -0.1120650000000000     -14.9503000000000000       0.0000000000000000
 2453237.5000000000000000      11.3423000000000000      -0.0622581000000000      -6.6988700000000003       0.0000000000000000
 2453238.5000000000000000      11.4301999999999990       0.0186774000000000       7.1691300000000000       0.0000000000000000
 2453239.5000000000000000      11.3423000000000000      -0.0788602000000000      -7.3176300000000003       1.0000000000000000
 2453240.5000000000000000      11.5181000000000000       0.0186774000000000       2.5629599999999999       0.0000000000000000
 2453241.5000000000000000       0.0000000000000000     -49.9620000000000030     -49.9609999999999990       1.0000000000000000
 2453242.5000000000000000      11.5181000000000000       0.0892366000000000       1.1123400000000001       0.0000000000000000
 2453243.5000000000000000       0.0000000000000000     -49.9620000000000030     -49.9609999999999990       1.0000000000000000
 2453244.5000000000000000      11.2544000000000000       0.1079140000000000      13.7157000000000000       0.0000000000000000
 2453245.5000000000000000       0.0000000000000000     -49.9620000000000030     -49.9609999999999990       1.0000000000000000
 2453246.5000000000000000      11.3423000000000000      -0.0788602000000000     -12.4734000000000000       0.0000000000000000
 2453247.5000000000000000      11.3423000000000000      -1.7951100000000000      -9.5269999999999992       0.0000000000000000
 2453248.5000000000000000      10.9026999999999990      -9.9278600000000008     -18.2336999999999990       0.0000000000000000
 2453249.5000000000000000      11.3423000000000000      -3.4428700000000001      -9.8300699999999992       0.0000000000000000
 2453250.5000000000000000      10.9906000000000010     -10.1244000000000000     -16.2928000000000000       0.0000000000000000
 2453251.5000000000000000      11.2544000000000000      -1.2493099999999999     -12.5487000000000000       0.0000000000000000
 2453252.5000000000000000      11.5181000000000000      -0.0498065000000000      -1.6747399999999999       0.0000000000000000
 2453253.5000000000000000      11.2544000000000000      -0.8384090000000000     -13.4032000000000000       0.0000000000000000
 2453254.5000000000000000      11.1663999999999990      -0.1058390000000000     -15.6621000000000010       0.0000000000000000
 2453255.5000000000000000      11.4301999999999990      -1.7058700000000000      -6.9319400000000000       0.0000000000000000
 2453256.5000000000000000      11.2544000000000000      -0.0975376000000000     -14.9019999999999990       0.0000000000000000
 2453257.5000000000000000      11.5181000000000000      -0.1411180000000000       3.1481800000000000       0.0000000000000000
 2453258.5000000000000000      11.6060000000000000       0.1431940000000000       2.9468800000000002       0.0000000000000000
 2453259.5000000000000000      11.3423000000000000      -0.0975376000000000     -12.9324999999999990       0.0000000000000000
 2453260.5000000000000000      11.2544000000000000       0.2365810000000000      16.4202000000000010       0.0000000000000000
 2453261.5000000000000000      11.3423000000000000      -0.1888490000000000     -13.4224999999999990       0.0000000000000000
 2453262.5000000000000000      11.3423000000000000       4.4260000000000002      14.2152999999999990       0.0000000000000000
 2453263.5000000000000000      11.3423000000000000      -0.9380210000000000     -12.6277000000000010       0.0000000000000000
 2453264.5000000000000000      11.4301999999999990      -0.0581075000000000     -11.5467999999999990       0.0000000000000000
 2453265.5000000000000000      11.3423000000000000       0.0809355000000000     -13.8970000000000000       0.0000000000000000
 2453266.5000000000000000      11.6060000000000000      -0.0456559000000000      -3.4055200000000001       0.0000000000000000
 2453267.5000000000000000      11.5181000000000000      -0.3424190000000000       9.8931199999999997       0.0000000000000000
 2453268.5000000000000000      11.2544000000000000                      NaN                      NaN       0.0000000000000000
 2453269.5000000000000000      11.5181000000000000                      NaN                      NaN       0.0000000000000000
 2453270.5000000000000000      11.3423000000000000                      NaN                      NaN       0.0000000000000000
 2453271.5000000000000000      11.3423000000000000                      NaN                      NaN       0.0000000000000000
 2453272.5000000000000000      11.4301999999999990                      NaN                      NaN       0.0000000000000000
 2453273.5000000000000000      11.1663999999999990                      NaN                      NaN       0.0000000000000000
 2453274.5000000000000000      11.3423000000000000                      NaN                      NaN       0.0000000000000000
 2453275.5000000000000000      11.3423000000000000                      NaN                      NaN       0.0000000000000000
 2453276.5000000000000000      11.3423000000000000                      NaN                      NaN       0.0000000000000000
 2453277.5000000000000000      11.4301999999999990                      NaN                      NaN       0.0000000000000000
 2453278.5000000000000000      11.6060000000000000                      NaN                      NaN       0.0000000000000000
 2453279.5000000000000000      11.5181000000000000                      NaN                      NaN       0.0000000000000000
 2453280.5000000000000000      11.6060000000000000                      NaN                      NaN       0.0000000000000000
 2453281.5000000000000000      11.5181000000000000                      NaN                      NaN       0.0000000000000000
 2453282.5000000000000000      11.6940000000000010                      NaN                      NaN       0.0000000000000000
 2453283.5000000000000000      11.1663999999999990                      NaN                      NaN       0.0000000000000000
 2453284.5000000000000000      11.3423000000000000                      NaN                      NaN       0.0000000000000000
 2453285.5000000000000000      11.2544000000000000                      NaN                      NaN       0.0000000000000000
 2453286.5000000000000000      11.6060000000000000                      NaN                      NaN       0.0000000000000000
 2453287.5000000000000000      11.6940000000000010                      NaN                      NaN       0.0000000000000000
 2453288.5000000000000000      11.6940000000000010                      NaN                      NaN       0.0000000000000000
 2453289.5000000000000000      11.6060000000000000                      NaN                      NaN       0.0000000000000000
 2453290.5000000000000000      11.4301999999999990                      NaN                      NaN       0.0000000000000000
 2453291.5000000000000000      11.5181000000000000                      NaN                      NaN       0.0000000000000000
 2453292.5000000000000000      11.4301999999999990                      NaN                      NaN       0.0000000000000000
 2453293.5000000000000000      11.6060000000000000                      NaN                      NaN       0.0000000000000000
 2453294.5000000000000000      11.6940000000000010                      NaN                      NaN       0.0000000000000000
 2453295.5000000000000000      11.6060000000000000                      NaN                      NaN       0.0000000000000000
 2453296.5000000000000000      11.3423000000000000                      NaN                      NaN       0.0000000000000000
 2453297.5000000000000000      11.3423000000000000                      NaN                      NaN       0.0000000000000000
 2453298.5000000000000000      11.3423000000000000                      NaN                      NaN       0.0000000000000000
 2453299.5000000000000000      11.4301999999999990                      NaN                      NaN       0.0000000000000000
 2453300.5000000000000000      11.4301999999999990                      NaN                      NaN       0.0000000000000000
 2453301.5000000000000000      11.5181000000000000                      NaN                      NaN       0.0000000000000000
 2453302.5000000000000000      11.7819000000000000                      NaN                      NaN       0.0000000000000000
 2453303.5000000000000000      11.4301999999999990                      NaN                      NaN       0.0000000000000000
 2453304.5000000000000000      11.6940000000000010                      NaN                      NaN       0.0000000000000000
 2453305.5000000000000000      11.6060000000000000                      NaN                      NaN       0.0000000000000000
 2453306.5000000000000000      11.3423000000000000                      NaN                      NaN       0.0000000000000000
 2453307.5000000000000000      11.6060000000000000                      NaN                      NaN       0.0000000000000000
 2453308.5000000000000000      11.6060000000000000                      NaN                      NaN       0.0000000000000000
 2453309.5000000000000000      11.7819000000000000                      NaN                      NaN       0.0000000000000000
 2453310.5000000000000000      11.5181000000000000                      NaN                      NaN       0.0000000000000000
 2453311.5000000000000000      11.4301999999999990                      NaN                      NaN       0.0000000000000000
 2453312.5000000000000000      11.6940000000000010                      NaN                      NaN       0.0000000000000000
 2453313.5000000000000000      11.6940000000000010                      NaN                      NaN       0.0000000000000000
 2453314.5000000000000000      11.5181000000000000                      NaN                      NaN       0.0000000000000000
 2453315.5000000000000000      11.6060000000000000                      NaN                      NaN       0.0000000000000000
 2453316.5000000000000000      11.6060000000000000                      NaN                      NaN       0.0000000000000000
 2453317.5000000000000000      11.6940000000000010                      NaN                      NaN       0.0000000000000000
 2453318.5000000000000000      11.7819000000000000                      NaN                      NaN       0.0000000000000000
 2453319.5000000000000000      11.7819000000000000                      NaN                      NaN       0.0000000000000000
 2453320.5000000000000000      11.7819000000000000                      NaN                      NaN       0.0000000000000000
 2453321.5000000000000000      11.7819000000000000                      NaN                      NaN       0.0000000000000000
 2453322.5000000000000000      11.7819000000000000                      NaN                      NaN       0.0000000000000000
 2453323.5000000000000000      11.7819000000000000                      NaN                      NaN       0.0000000000000000
 2453324.5000000000000000      11.4301999999999990                      NaN                      NaN       0.0000000000000000
 2453325.5000000000000000      11.2544000000000000                      NaN                      NaN       0.0000000000000000
 2453326.5000000000000000      11.7819000000000000                      NaN                      NaN       0.0000000000000000
 2453327.5000000000000000      11.7819000000000000                      NaN                      NaN       0.0000000000000000
 2453328.5000000000000000      11.7819000000000000                      NaN                      NaN       0.0000000000000000
 2453329.5000000000000000      11.7819000000000000                      NaN                      NaN       0.0000000000000000
 2453330.5000000000000000      11.8698000000000000                      NaN                      NaN       0.0000000000000000
 2453331.5000000000000000      11.7819000000000000                      NaN                      NaN       0.0000000000000000
 2453332.5000000000000000      11.6940000000000010                      NaN                      NaN       0.0000000000000000
 2453333.5000000000000000      11.8698000000000000                      NaN                      NaN       0.0000000000000000
 2453334.5000000000000000      11.8698000000000000                      NaN                      NaN       0.0000000000000000
 2453335.5000000000000000      11.6940000000000010                      NaN                      NaN       0.0000000000000000
 2453336.5000000000000000      11.8698000000000000                      NaN                      NaN       0.0000000000000000
 2453337.5000000000000000      11.8698000000000000                      NaN                      NaN       0.0000000000000000
 2453338.5000000000000000      11.7819000000000000                      NaN                      NaN       0.0000000000000000
 2453339.5000000000000000      11.6940000000000010                      NaN                      NaN       0.0000000000000000
 2453340.5000000000000000      11.7819000000000000                      NaN                      NaN       0.0000000000000000
 2453341.5000000000000000      11.6060000000000000                      NaN                      NaN       0.0000000000000000
 2453342.5000000000000000      11.6060000000000000                      NaN                      NaN       0.0000000000000000
 2453343.5000000000000000      11.7819000000000000                      NaN                      NaN       0.0000000000000000
 2453344.5000000000000000      11.6060000000000000                      NaN                      NaN       0.0000000000000000
 2453345.5000000000000000      11.6940000000000010                      NaN                      NaN       0.0000000000000000
 2453346.5000000000000000      11.4301999999999990                      NaN                      NaN       0.0000000000000000
 2453347.5000000000000000      11.8698000000000000                      NaN                      NaN       0.0000000000000000
 2453348.5000000000000000      11.5181000000000000                      NaN                      NaN       0.0000000000000000
 2453349.5000000000000000      11.6940000000000010                      NaN                      NaN       0.0000000000000000
 2453350.5000000000000000      11.4301999999999990                      NaN                      NaN       0.0000000000000000
 2453351.5000000000000000      11.3423000000000000                      NaN                      NaN       0.0000000000000000
 2453352.5000000000000000      11.7819000000000000                      NaN                      NaN       0.0000000000000000
 2453353.5000000000000000      11.8698000000000000                      NaN                      NaN       0.0000000000000000
 2453354.5000000000000000      11.8698000000000000                      NaN                      NaN       0.0000000000000000
 2453355.5000000000000000      11.6060000000000000                      NaN                      NaN       0.0000000000000000
 2453356.5000000000000000      11.6060000000000000                      NaN                      NaN       0.0000000000000000
 2453357.5000000000000000      11.6060000000000000                      NaN                      NaN       0.0000000000000000
 2453358.5000000000000000      11.6940000000000010                      NaN                      NaN       0.0000000000000000
 2453359.5000000000000000      11.8698000000000000                      NaN                      NaN       0.0000000000000000
 2453360.5000000000000000      11.6060000000000000                      NaN                      NaN       0.0000000000000000
 2453361.5000000000000000      11.8698000000000000                      NaN                      NaN       0.0000000000000000
 2453362.5000000000000000      11.5181000000000000                      NaN                      NaN       0.0000000000000000
 2453363.5000000000000000      11.6060000000000000                      NaN                      NaN       0.0000000000000000
 2453364.5000000000000000      11.8698000000000000                      NaN                      NaN       0.0000000000000000
 2453365.5000000000000000      11.8698000000000000                      NaN                      NaN       0.0000000000000000
 2453366.5000000000000000      11.8698000000000000                      NaN                      NaN       0.0000000000000000
 2453367.5000000000000000      11.7819000000000000                      NaN                      NaN       0.0000000000000000
 2453368.5000000000000000      11.4301999999999990                      NaN                      NaN       0.0000000000000000
 2453369.5000000000000000      11.7819000000000000                      NaN                      NaN       0.0000000000000000
 2453370.5000000000000000      11.7819000000000000                      NaN                      NaN       0.0000000000000000
