Time P3114 A5334 A5335 A5016
 2452640.5000300002000000      12.0456000000000000     -13.4003999999999990       7.6373100000000003       0.0000000000000000
 2452641.5000300002000000      11.8698000000000000      -0.2594090000000000     -18.4757000000000000       0.0000000000000000
 2452642.5000300002000000      11.8698000000000000       0.2137530000000000     -18.6370000000000000       0.0000000000000000
 2452643.5000300002000000      11.8698000000000000       0.3361940000000000      18.9761999999999990       0.0000000000000000
 2452644.5000300002000000      12.2215000000000010       0.2511080000000000     -10.3711000000000000       0.0000000000000000
 2452645.5000300002000000      12.3094000000000000      -0.4088280000000000       8.6178000000000008       0.0000000000000000
 2452646.5000300002000000      12.3094000000000000       0.3860000000000000       3.3577800000000000       0.0000000000000000
 2452647.5000300002000000      12.3094000000000000      -0.0228280000000000       5.6573099999999998       0.0000000000000000
 2452648.5000300002000000      12.3094000000000000       0.2656340000000000      -5.8016899999999998       0.0000000000000000
 2452649.5000300002000000      12.3094000000000000       2.2350599999999998       1.8677400000000000       0.0000000000000000
 2452650.5000300002000000      12.2215000000000010       0.2697850000000000      -8.8089999999999993       0.0000000000000000
 2452651.5000300002000000      12.2215000000000010       0.3195910000000000      10.3752000000000000       0.0000000000000000
 2452652.5000300002000000      12.2215000000000010       0.2760110000000000      -7.7816900000000002       0.0000000000000000
 2452653.5000300002000000      12.0456000000000000       0.4918390000000000     -13.6191999999999990       0.0000000000000000
 2452654.5000300002000000      12.1335999999999990       0.4378820000000000      13.6076999999999990       0.0000000000000000
 2452655.5000300002000000      11.8698000000000000      17.2457999999999990      -6.6287500000000001       0.0000000000000000
 2452656.5000300002000000      12.1335999999999990       0.4918390000000000      12.8264000000000000       0.0000000000000000
 2452657.5000300002000000      12.3094000000000000       0.0373548000000000       2.8472700000000000       0.0000000000000000
 2452658.5000300002000000      12.3094000000000000      -1.2866700000000000       3.8319999999999999       0.0000000000000000
 2452659.5000300002000000      12.2215000000000010       0.5437200000000000       8.4733900000000002       0.0000000000000000
 2452660.5000300002000000      12.0456000000000000       0.4378820000000000      14.8499000000000000       0.0000000000000000
 2452661.5000300002000000      12.3094000000000000      -0.0311290000000000       2.1997800000000001       0.0000000000000000
 2452662.5000300002000000      12.3094000000000000       0.1348920000000000       0.3382690000000000       0.0000000000000000
 2452663.5000300002000000      12.1335999999999990      -0.0767849000000000     -11.4878000000000000       0.0000000000000000
 2452664.5000300002000000      12.1335999999999990       0.4565590000000000      12.1184999999999990       0.0000000000000000
 2452665.5000300002000000      12.3094000000000000      -2.3824100000000001      -3.1295099999999998       0.0000000000000000
 2452666.5000300002000000      12.3094000000000000      -0.1452690000000000       5.3170000000000002       0.0000000000000000
 2452667.5000300002000000      12.3094000000000000      -0.9546240000000000       5.2633700000000001       0.0000000000000000
 2452668.5000300002000000      12.2215000000000010      -0.4005270000000000      -9.0286700000000000       0.0000000000000000
 2452669.5000300002000000      12.3094000000000000       0.5665480000000001      -2.7767100000000000       0.0000000000000000
 2452670.5000300002000000      11.7819000000000000       0.2863870000000000     -18.7708000000000010       0.0000000000000000
 2452671.5000300002000000      12.0456000000000000      -0.9317960000000000     -14.2057000000000000       0.0000000000000000
 2452672.5000300002000000      11.8698000000000000       0.0020752700000000     -17.1435000000000000       0.0000000000000000
 2452673.5000300002000000      12.0456000000000000      -0.2697850000000000      13.7485000000000000       0.0000000000000000
 2452674.5000300002000000      11.8698000000000000       0.2697850000000000     -16.9351999999999980       0.0000000000000000
 2452675.5000300002000000      12.3094000000000000      -0.2241290000000000       5.0550600000000001       0.0000000000000000
 2452676.5000300002000000      12.2215000000000010       0.3776990000000000       8.9818899999999999       0.0000000000000000
 2452677.5000300002000000      11.9577000000000010      -1.1642300000000001     -15.5463000000000000       0.0000000000000000
 2452678.5000300002000000      12.3094000000000000       0.8716130000000000       0.5001400000000000       0.0000000000000000
 2452679.5000300002000000      12.2215000000000010      -0.5271180000000000       6.6844400000000004       0.0000000000000000
 2452680.5000300002000000      11.7819000000000000      -0.1079140000000000      19.5518000000000000       0.0000000000000000
 2452681.5000300002000000      12.2215000000000010       0.1846990000000000       8.1052400000000002       0.0000000000000000
 2452682.5000300002000000      12.3094000000000000       0.1950750000000000       1.7432300000000001       0.0000000000000000
 2452683.5000300002000000      12.1335999999999990       0.2179030000000000      -9.0896899999999992       0.0000000000000000
 2452684.5000300002000000      12.1335999999999990       0.0622581000000000      10.5176000000000000       0.0000000000000000
 2452685.5000300002000000      12.1335999999999990      -0.0581075000000000     -10.2186000000000000       0.0000000000000000
 2452686.5000300002000000      12.3094000000000000       0.4129790000000000      -0.3776990000000000       0.0000000000000000
 2452687.5000300002000000      12.2215000000000010      -0.0062258100000000      -6.7751900000000003       0.0000000000000000
 2452688.5000300002000000      11.8698000000000000       0.1639460000000000     -16.4665000000000000       0.0000000000000000
 2452689.5000300002000000      11.6060000000000000     -17.4287999999999990     -10.4403000000000010       0.0000000000000000
 2452690.5000300002000000      11.4301999999999990     -15.8724000000000010     -17.9220000000000010       0.0000000000000000
 2452691.5000300002000000      11.6940000000000010      -0.3237420000000000     -19.2107999999999990       0.0000000000000000
 2452692.5000300002000000      12.2215000000000010      -0.4005270000000000       4.0444399999999998       0.0000000000000000
 2452693.5000300002000000      11.7819000000000000     -15.9191000000000000      -6.8288099999999998       0.0000000000000000
 2452694.5000300002000000      12.1335999999999990       0.2241290000000000      -6.2719399999999998       0.0000000000000000
 2452695.5000300002000000      12.2215000000000010      -0.1162150000000000       3.5362600000000000       0.0000000000000000
 2452696.5000300002000000      12.0456000000000000       0.4150540000000000     -11.6626999999999990       0.0000000000000000
 2452697.5000300002000000      12.1335999999999990      -0.0518817000000000      -6.5359400000000001       0.0000000000000000
 2452698.5000300002000000      11.6060000000000000      -7.6682499999999996     -19.0642000000000000       0.0000000000000000
 2452699.5000300002000000      11.6940000000000010       0.1058390000000000     -19.0384999999999990       0.0000000000000000
 2452700.5000300002000000      11.7819000000000000       0.3652470000000000     -17.4560000000000000       0.0000000000000000
 2452701.5000300002000000      12.1335999999999990      -0.6516340000000001      -7.1629399999999999       0.0000000000000000
 2452702.5000300002000000      12.2215000000000010      -0.1909250000000000      -0.2199780000000000       0.0000000000000000
 2452703.5000300002000000      12.0456000000000000       0.1763980000000000     -11.0952000000000000       0.0000000000000000
 2452704.5000300002000000      12.1335999999999990      -3.9144999999999999       3.2976000000000001       0.0000000000000000
 2452705.5000300002000000      11.7819000000000000       0.3527960000000000     -17.3808000000000010       0.0000000000000000
 2452706.5000300002000000      12.0456000000000000      -7.4826300000000003       1.1310199999999999       0.0000000000000000
 2452707.5000300002000000      11.9577000000000010      -5.8697499999999998      -8.8985000000000003       0.0000000000000000
 2452708.5000300002000000      11.1663999999999990     -16.1217000000000010     -20.5142999999999990       0.0000000000000000
 2452709.5000300002000000      11.9577000000000010       0.0830108000000000      13.7928999999999990       0.0000000000000000
 2452710.5000300002000000      12.1335999999999990       0.6039030000000000       0.7055910000000000       0.0000000000000000
 2452711.5000300002000000      12.1335999999999990       0.0996129000000000      -5.5871899999999997       0.0000000000000000
 2452712.5000300002000000      11.9577000000000010       0.2324300000000000     -11.3739000000000010       0.0000000000000000
 2452713.5000300002000000      12.1335999999999990       0.2054520000000000       1.5336200000000000       0.0000000000000000
 2452714.5000300002000000      12.1335999999999990       0.0124516000000000      -0.3071400000000000       0.0000000000000000
 2452715.5000300002000000      12.1335999999999990       0.0871613000000000       1.7847299999999999       0.0000000000000000
 2452716.5000300002000000      11.7819000000000000       0.2220540000000000     -14.9078000000000000       0.0000000000000000
 2452717.5000300002000000      12.1335999999999990       0.0415054000000000       1.0729100000000000       0.0000000000000000
 2452718.5000300002000000      12.1335999999999990       0.0394301000000000       0.7450220000000000       0.0000000000000000
 2452719.5000300002000000      12.0456000000000000       0.1763980000000000      -5.1272500000000001       0.0000000000000000
 2452720.5000300002000000      12.1335999999999990      -0.3569460000000000       0.6101290000000000       0.0000000000000000
 2452721.5000300002000000      11.8698000000000000       0.3465700000000000      13.3550000000000000       0.0000000000000000
 2452722.5000300002000000      11.9577000000000010       0.3320430000000000     -10.0111000000000010       0.0000000000000000
 2452723.5000300002000000      11.6060000000000000       0.3984520000000000      18.8717000000000010       0.0000000000000000
 2452724.5000300002000000      11.3423000000000000     -14.2380000000000000     -16.0323999999999990       0.0000000000000000
 2452725.5000300002000000      12.0456000000000000      -0.0083010800000000      -2.8202900000000000       0.0000000000000000
 2452726.5000300002000000      11.4301999999999990     -12.4575000000000000     -16.8830999999999990       0.0000000000000000
 2452727.5000300002000000      11.6940000000000010      14.9734000000000000       3.7618700000000000       0.0000000000000000
 2452728.5000300002000000      12.0456000000000000      -0.5167420000000000       3.2166700000000001       0.0000000000000000
 2452729.5000300002000000      11.7819000000000000       0.4793870000000000      13.1755999999999990       0.0000000000000000
 2452730.5000300002000000      11.7819000000000000       0.1245160000000000     -13.2372999999999990       0.0000000000000000
 2452731.5000300002000000      11.6940000000000010       0.0269785000000000     -15.4672000000000000       0.0000000000000000
 2452732.5000300002000000      11.7819000000000000       0.0207527000000000     -11.8275000000000010       0.0000000000000000
 2452733.5000300002000000      12.0456000000000000       0.0352796000000000      -0.6827630000000000       0.0000000000000000
 2452734.5000300002000000      11.6940000000000010      -9.1577500000000001      12.7203000000000000       0.0000000000000000
 2452735.5000300002000000      11.8698000000000000      -0.0062258100000000     -10.0762000000000000       0.0000000000000000
 2452736.5000300002000000      11.7819000000000000       0.0020752700000000     -11.0586000000000000       0.0000000000000000
 2452737.5000300002000000      11.7819000000000000                      NaN                      NaN       0.0000000000000000
 2452738.5000300002000000      11.6060000000000000       0.0933871000000000     -15.2955000000000010       0.0000000000000000
 2452739.5000300002000000      11.4301999999999990      -0.0622581000000000     -18.7597999999999980       0.0000000000000000
 2452740.5000300002000000      11.5181000000000000      -0.0124516000000000     -17.1763000000000010       0.0000000000000000
 2452741.5000300002000000      11.4301999999999990      -0.0249032000000000     -18.2758000000000000       0.0000000000000000
 2452742.5000300002000000      11.7819000000000000      -0.5810750000000000     -11.1217000000000010       0.0000000000000000
 2452743.5000300002000000      11.6060000000000000      -4.2548100000000000     -15.2743000000000000       0.0000000000000000
 2452744.5000300002000000      11.6060000000000000      -3.8980000000000001     -14.3619000000000000       0.0000000000000000
 2452745.5000300002000000      11.8698000000000000       0.3050650000000000       7.6496899999999997       0.0000000000000000
 2452746.5000300002000000      11.9577000000000010      -2.2350599999999998       2.5421999999999998       0.0000000000000000
 2452747.5000300002000000      11.9577000000000010       0.3610970000000000      -1.3904300000000001       0.0000000000000000
 2452748.5000300002000000      11.7819000000000000      -1.2845899999999999      -9.3622499999999995       0.0000000000000000
 2452749.5000300002000000      11.8698000000000000       4.7394999999999996       5.8243799999999997       0.0000000000000000
 2452750.5000300002000000      11.9577000000000010      -0.6122040000000000      -0.4441080000000000       0.0000000000000000
 2452751.5000300002000000      11.7819000000000000       0.7035160000000000     -10.3303999999999990       0.0000000000000000
 2452752.5000300002000000      11.6940000000000010      -0.4793870000000000     -11.5691000000000010       0.0000000000000000
 2452753.5000300002000000      11.6940000000000010      -0.1079140000000000     -11.2761999999999990       0.0000000000000000
 2452754.5000300002000000      11.8698000000000000       0.7553980000000000       2.8140600000000000       0.0000000000000000
 2452755.5000300002000000      11.4301999999999990      -0.2677100000000000      18.5398000000000000       0.0000000000000000
 2452756.5000300002000000      11.8698000000000000       0.8259570000000001       5.2324400000000004       0.0000000000000000
 2452757.5000300002000000      11.8698000000000000       0.9982040000000000      -0.8404840000000000       0.0000000000000000
 2452758.5000300002000000      11.8698000000000000       1.0127299999999999       0.0415054000000000       0.0000000000000000
 2452759.5000300002000000      11.3423000000000000      17.9953000000000000      -4.5229400000000002       0.0000000000000000
 2452760.5000300002000000      11.7819000000000000       0.5603230000000000      -7.2392500000000002       0.0000000000000000
 2452761.5000300002000000      11.7819000000000000       0.2677100000000000       7.7053799999999999       0.0000000000000000
 2452762.5000300002000000      11.6060000000000000       0.4731610000000000      13.7215000000000010       0.0000000000000000
 2452763.5000300002000000      11.3423000000000000     -10.1945999999999990     -15.5618000000000000       0.0000000000000000
 2452764.5000300002000000      11.2544000000000000       0.0601828000000000     -19.0055000000000010       0.0000000000000000
 2452765.5000300002000000      11.3423000000000000      -0.0207527000000000     -17.7166999999999990       0.0000000000000000
 2452766.5000300002000000      11.6940000000000010      -0.0830108000000000      -8.5466099999999994       0.0000000000000000
 2452767.5000300002000000      10.9906000000000010      14.3927999999999990     -18.5838000000000000       0.0000000000000000
 2452768.5000300002000000      11.6940000000000010      -0.3424190000000000      -9.7222700000000000       0.0000000000000000
 2452769.5000300002000000      11.8698000000000000       0.2614840000000000      -0.8902900000000000       0.0000000000000000
 2452770.5000300002000000      11.7819000000000000      -4.2610000000000001       1.3904300000000001       0.0000000000000000
 2452771.5000300002000000      11.3423000000000000       0.3175160000000000      18.0192000000000010       0.0000000000000000
 2452772.5000300002000000      11.3423000000000000      -0.3569460000000000      17.3633999999999990       0.0000000000000000
 2452773.5000300002000000      11.7819000000000000       0.1162150000000000       6.2616199999999997       0.0000000000000000
 2452774.5000300002000000      11.7819000000000000       0.1099890000000000       1.0251800000000000       0.0000000000000000
 2452775.5000300002000000      11.4301999999999990     -14.2283000000000010       3.1253500000000001       0.0000000000000000
 2452776.5000300002000000      11.6940000000000010       0.8072800000000000       9.2300400000000007       0.0000000000000000
 2452777.5000300002000000      11.6060000000000000      -0.0684839000000000     -12.0510000000000000       0.0000000000000000
 2452778.5000300002000000      11.4301999999999990       0.0083010800000000      16.2792999999999990       0.0000000000000000
 2452779.5000300002000000      11.6940000000000010       0.1930000000000000       8.3411799999999996       0.0000000000000000
 2452780.5000300002000000      11.3423000000000000      16.7056000000000000      -4.8343699999999998       0.0000000000000000
 2452781.5000300002000000      11.6940000000000010      -0.0601828000000000      -5.9398799999999996       0.0000000000000000
 2452782.5000300002000000      11.4301999999999990       0.4067530000000000     -14.2848000000000010       0.0000000000000000
 2452783.5000300002000000      11.6940000000000010      -0.0996129000000000       6.6699999999999999       0.0000000000000000
 2452784.5000300002000000      11.3423000000000000      -0.6744620000000000     -16.5108000000000000       0.0000000000000000
 2452785.5000300002000000      11.6940000000000010      -0.1763980000000000      -7.1464400000000001       0.0000000000000000
 2452786.5000300002000000      11.6940000000000010       0.4565590000000000      -4.4816900000000004       0.0000000000000000
 2452787.5000300002000000      11.6940000000000010       4.6136900000000001       2.5733299999999999       0.0000000000000000
 2452788.5000300002000000      11.6940000000000010       4.8075599999999996       3.5030500000000000       0.0000000000000000
 2452789.5000300002000000      11.6060000000000000       0.2199780000000000      10.4952000000000010       0.0000000000000000
 2452790.5000300002000000      11.3423000000000000      15.4923000000000000       1.9258500000000001       0.0000000000000000
 2452791.5000300002000000      11.6060000000000000       3.8959400000000000       8.4632199999999997       0.0000000000000000
 2452792.5000300002000000      11.6940000000000010      -0.1577200000000000      -3.2042199999999998       0.0000000000000000
 2452793.5000300002000000      11.6940000000000010       0.1763980000000000       2.4923999999999999       0.0000000000000000
 2452794.5000300002000000      11.6940000000000010      -0.4441080000000000       1.8324600000000000       0.0000000000000000
 2452795.5000300002000000      11.6940000000000010       0.1639460000000000       0.9836770000000000       0.0000000000000000
 2452796.5000300002000000      11.6940000000000010      -0.4503330000000000       0.3009140000000000       0.0000000000000000
 2452797.5000300002000000      11.4301999999999990       6.8803700000000001      13.4977000000000000       0.0000000000000000
 2452798.5000300002000000      11.2544000000000000      -0.7636990000000000     -17.0413000000000000       0.0000000000000000
 2452799.5000300002000000      11.6940000000000010      -0.1120650000000000      -3.7866200000000001       0.0000000000000000
 2452800.5000300002000000      11.6940000000000010      -3.3598599999999998      -2.5193800000000000       0.0000000000000000
 2452801.5000300002000000      11.6060000000000000      -0.0892366000000000       8.0869300000000006       0.0000000000000000
 2452802.5000300002000000      11.6940000000000010      -1.2908200000000001      -3.3951400000000000       0.0000000000000000
 2452803.5000300002000000      11.3423000000000000       0.0871613000000000     -14.8827000000000000       0.0000000000000000
 2452804.5000300002000000      11.6060000000000000      -2.8576500000000000      -8.1988000000000003       0.0000000000000000
 2452805.5000300002000000      11.5181000000000000       4.6116299999999999      -9.0368099999999991       0.0000000000000000
 2452806.5000300002000000      11.4301999999999990      -6.1420000000000003     -12.3770000000000010       0.0000000000000000
 2452807.5000300002000000      11.1663999999999990       0.0207527000000000      18.9302999999999990       0.0000000000000000
 2452808.5000300002000000      11.6940000000000010       0.8218060000000000       0.1099890000000000       0.0000000000000000
 2452809.5000300002000000      11.5181000000000000      -9.2199200000000001       1.5211699999999999       0.0000000000000000
 2452810.5000300002000000      11.6940000000000010      -2.3886300000000000       3.9083100000000002       0.0000000000000000
 2452811.5000300002000000      11.6940000000000010       0.1431940000000000       2.0752700000000002       0.0000000000000000
 2452812.5000300002000000      11.5181000000000000      -0.5727740000000000      11.6973000000000000       0.0000000000000000
 2452813.5000300002000000      11.5181000000000000       0.0394301000000000      11.0178999999999990       0.0000000000000000
 2452814.5000300002000000      11.5181000000000000      -1.2078100000000001       9.6510800000000003       0.0000000000000000
 2452815.5000300002000000      11.1663999999999990     -13.2582000000000000      12.2188000000000000       0.0000000000000000
 2452816.5000300002000000      11.4301999999999990     -11.0329000000000000      -0.5976770000000000       0.0000000000000000
 2452817.5000300002000000      11.1663999999999990       0.0166022000000000     -18.5032000000000000       0.0000000000000000
 2452818.5000300002000000      11.5181000000000000      -0.0477312000000000      10.0660000000000010       0.0000000000000000
 2452819.5000300002000000      11.5181000000000000      -0.0498065000000000       9.8585399999999996       0.0000000000000000
 2452820.5000300002000000      11.4301999999999990      12.0973000000000010       2.1167699999999998       0.0000000000000000
 2452821.5000300002000000      10.9026999999999990     -12.4380000000000010     -17.6469999999999980       0.0000000000000000
 2452822.5000300002000000      11.5181000000000000      -0.1099890000000000       8.9818899999999999       0.0000000000000000
 2452823.5000300002000000      11.3423000000000000       0.0850860000000000      15.7759000000000000       0.0000000000000000
 2452824.5000300002000000      11.6060000000000000      -0.0373548000000000       8.3493200000000005       0.0000000000000000
 2452825.5000300002000000      11.2544000000000000       0.0767849000000000      16.9718000000000020       0.0000000000000000
 2452826.5000300002000000      11.6060000000000000      -0.0975376000000000       7.8204799999999999       0.0000000000000000
 2452827.5000300002000000      11.5181000000000000       0.0186774000000000       9.4090299999999996       0.0000000000000000
 2452828.5000300002000000      11.6060000000000000      -0.0332043000000000       7.1567499999999997       0.0000000000000000
 2452829.5000300002000000      11.6940000000000010      -0.0041505400000000       3.7825000000000002       0.0000000000000000
 2452830.5000300002000000      11.6060000000000000      -0.0311290000000000       6.5483099999999999       0.0000000000000000
 2452831.5000300002000000      11.6940000000000010       0.0705591000000000      -1.4879700000000000       0.0000000000000000
 2452832.5000300002000000      11.6060000000000000      -0.0290538000000000       5.9481200000000003       0.0000000000000000
 2452833.5000300002000000      11.1663999999999990       0.0311290000000000      17.8614999999999990       0.0000000000000000
 2452834.5000300002000000      11.6060000000000000      -0.0269785000000000       5.3252499999999996       0.0000000000000000
 2452835.5000300002000000      11.1663999999999990      15.4460000000000000       9.6449700000000007       0.0000000000000000
 2452836.5000300002000000      11.6060000000000000      -0.0249032000000000       4.7003100000000000       0.0000000000000000
 2452837.5000300002000000      11.1663999999999990      -0.0269785000000000     -18.0612999999999990       0.0000000000000000
 2452838.5000300002000000      11.6060000000000000      -0.0228280000000000       4.0877499999999998       0.0000000000000000
 2452839.5000300002000000      11.0785000000000000      -0.0809355000000000     -19.0422000000000010       0.0000000000000000
 2452840.5000300002000000      11.6060000000000000      -0.0207527000000000       3.4553199999999999       0.0000000000000000
 2452841.5000300002000000      11.6940000000000010       0.0145269000000000       0.9234950000000000       0.0000000000000000
 2452842.5000300002000000      11.6060000000000000      -0.0207527000000000       2.8202900000000000       0.0000000000000000
 2452843.5000300002000000      11.6940000000000010       0.0809355000000000       0.7014410000000000       0.0000000000000000
 2452844.5000300002000000      11.6940000000000010       0.0352796000000000       2.2267600000000001       0.0000000000000000
 2452845.5000300002000000      11.6940000000000010       0.0601828000000000       2.3533499999999998       0.0000000000000000
 2452846.5000300002000000      11.6940000000000010      -0.0207527000000000       1.5543800000000001       0.0000000000000000
 2452847.5000300002000000      11.6060000000000000      -0.0954624000000000      -8.5710200000000007       0.0000000000000000
 2452848.5000300002000000      11.6940000000000010      -0.0249032000000000       0.9110430000000001       0.0000000000000000
 2452849.5000300002000000      11.6060000000000000       0.0145269000000000       8.9107000000000003       0.0000000000000000
 2452850.5000300002000000      11.6940000000000010      -0.0290538000000000       0.2656340000000000       0.0000000000000000
 2452851.5000300002000000      11.4301999999999990       0.0477312000000000      14.7400000000000000       0.0000000000000000
 2452852.5000300002000000      11.6940000000000010      -0.0332043000000000      -0.3652470000000000       0.0000000000000000
 2452853.5000300002000000      11.6060000000000000       0.0435806000000000       9.0856200000000005       0.0000000000000000
 2452854.5000300002000000      11.6940000000000010      -0.0352796000000000      -1.0832900000000001       0.0000000000000000
 2452855.5000300002000000      11.5181000000000000       0.1743230000000000      12.3422000000000000       0.0000000000000000
 2452856.5000300002000000      11.6940000000000010      -0.0394301000000000      -1.7286999999999999       0.0000000000000000
 2452857.5000300002000000      11.6060000000000000      -0.0145269000000000       7.2330600000000000       0.0000000000000000
 2452858.5000300002000000      11.6940000000000010      -0.0415054000000000      -2.3616600000000001       0.0000000000000000
 2452859.5000300002000000      11.3423000000000000       0.1037630000000000      16.0921999999999980       0.0000000000000000
 2452860.5000300002000000      11.6940000000000010      -0.0435806000000000      -3.0049899999999998       0.0000000000000000
 2452861.5000300002000000      11.3423000000000000      -0.0954624000000000     -15.5597999999999990       0.0000000000000000
 2452862.5000300002000000      11.6940000000000010      -0.0498065000000000      -3.6462500000000002       0.0000000000000000
 2452863.5000300002000000      11.6060000000000000       0.0000000000000000      -7.9181100000000004       0.0000000000000000
 2452864.5000300002000000      11.6940000000000010      -0.0518817000000000      -4.2713099999999997       0.0000000000000000
 2452865.5000300002000000      11.5181000000000000      -0.0726344000000000     -12.2786000000000010       0.0000000000000000
 2452866.5000300002000000      11.6060000000000000      -0.0539570000000000      -4.9003699999999997       0.0000000000000000
 2452867.5000300002000000      11.6940000000000010       0.0000000000000000       5.4923099999999998       0.0000000000000000
 2452868.5000300002000000      11.6060000000000000      -0.0581075000000000      -5.5294400000000001       0.0000000000000000
 2452869.5000300002000000      11.3423000000000000       0.0601828000000000      16.3294999999999990       0.0000000000000000
 2452870.5000300002000000      11.6060000000000000      -0.0601828000000000      -6.1543799999999997       0.0000000000000000
 2452871.5000300002000000      11.4301999999999990      -0.0996129000000000     -14.6686000000000000       0.0000000000000000
 2452872.5000300002000000      11.6060000000000000      -0.0581075000000000      -6.7648700000000002       1.0000000000000000
 2452873.5000300002000000      11.6940000000000010       0.2158280000000000       4.3228799999999996       0.0000000000000000
 2452874.5000300002000000       0.0000000000000000     -49.9620000000000030     -49.9609999999999990       1.0000000000000000
 2452875.5000300002000000      11.4301999999999990       0.1452690000000000      15.1701999999999990       0.0000000000000000
 2452876.5000300002000000       0.0000000000000000     -49.9620000000000030     -49.9609999999999990       1.0000000000000000
 2452877.5000300002000000      11.7819000000000000       0.0975376000000000       3.8443700000000001       0.0000000000000000
 2452878.5000300002000000       0.0000000000000000     -49.9620000000000030     -49.9609999999999990       1.0000000000000000
 2452879.5000300002000000      11.4301999999999990      -0.0975376000000000     -13.9838000000000000       0.0000000000000000
 2452880.5000300002000000       0.0000000000000000     -49.9620000000000030     -49.9609999999999990       1.0000000000000000
 2452881.5000300002000000      11.5181000000000000       0.1079140000000000      14.7342000000000000       0.0000000000000000
 2452882.5000300002000000       0.0000000000000000     -49.9620000000000030     -49.9609999999999990       1.0000000000000000
 2452883.5000300002000000      11.6940000000000010       0.0103763000000000      -6.3544400000000003       0.0000000000000000
 2452884.5000300002000000       0.0000000000000000     -49.9620000000000030     -49.9609999999999990       1.0000000000000000
 2452885.5000300002000000      11.5181000000000000       0.1058390000000000      13.7485000000000000       0.0000000000000000
 2452886.5000300002000000      10.4631000000000010      -0.0290538000000000     -10.8735000000000000       1.0000000000000000
 2452887.5000300002000000      11.6060000000000000       0.0332043000000000      11.0159000000000000       0.0000000000000000
 2452888.5000300002000000      11.6940000000000010      -0.0394301000000000     -11.4349000000000010       0.0000000000000000
 2452889.5000300002000000      11.4301999999999990      -0.0726344000000000     -15.5405000000000000       0.0000000000000000
 2452890.5000300002000000      11.6940000000000010       0.0269785000000000     -11.9777000000000000       0.0000000000000000
 2452891.5000300002000000      11.7819000000000000      -0.1411180000000000      -2.7601100000000001       0.0000000000000000
 2452892.5000300002000000      11.6060000000000000      -0.0892366000000000     -12.4831000000000000       0.0000000000000000
 2452893.5000300002000000      11.6940000000000010      -0.0581075000000000      -7.7363099999999996       0.0000000000000000
 2452894.5000300002000000      11.5181000000000000      -0.0684839000000000     -12.9769000000000010       0.0000000000000000
 2452895.5000300002000000      11.7819000000000000      -0.1514950000000000      -3.6503999999999999       0.0000000000000000
 2452896.5000300002000000      11.5181000000000000      -0.5271180000000000     -14.6648000000000000       0.0000000000000000
 2452897.5000300002000000      11.8698000000000000       1.2098800000000001       0.1888490000000000       0.0000000000000000
 2452898.5000300002000000      11.5181000000000000      -0.3548710000000000     -13.5749000000000000       0.0000000000000000
 2452899.5000300002000000      11.8698000000000000       0.0145269000000000       0.7201180000000000       0.0000000000000000
 2452900.5000300002000000      11.5181000000000000      -0.1058390000000000     -14.4004999999999990       0.0000000000000000
 2452901.5000300002000000      11.7819000000000000      -0.1245160000000000       9.5900599999999994       0.0000000000000000
 2452902.5000300002000000      11.3423000000000000      -0.5582470000000001     -17.7184999999999990       0.0000000000000000
 2452903.5000300002000000      11.7819000000000000      -0.1286670000000000       9.7242999999999995       0.0000000000000000
 2452904.5000300002000000      11.7819000000000000      -0.8736880000000000       9.7975200000000005       0.0000000000000000
 2452905.5000300002000000      11.7819000000000000                      NaN                      NaN       0.0000000000000000
 2452906.5000300002000000      11.6940000000000010                      NaN                      NaN       0.0000000000000000
 2452907.5000300002000000      11.7819000000000000                      NaN                      NaN       0.0000000000000000
 2452908.5000300002000000      11.8698000000000000                      NaN                      NaN       0.0000000000000000
 2452909.5000300002000000      11.5181000000000000                      NaN                      NaN       0.0000000000000000
 2452910.5000300002000000      11.4301999999999990                      NaN                      NaN       0.0000000000000000
 2452911.5000300002000000      11.5181000000000000                      NaN                      NaN       0.0000000000000000
 2452912.5000300002000000      11.4301999999999990                      NaN                      NaN       0.0000000000000000
 2452913.5000300002000000      11.4301999999999990                      NaN                      NaN       0.0000000000000000
 2452914.5000300002000000      11.4301999999999990                      NaN                      NaN       0.0000000000000000
 2452915.5000300002000000      11.4301999999999990                      NaN                      NaN       0.0000000000000000
 2452916.5000300002000000      11.6940000000000010                      NaN                      NaN       0.0000000000000000
 2452917.5000300002000000      11.8698000000000000                      NaN                      NaN       0.0000000000000000
 2452918.5000300002000000      11.9577000000000010                      NaN                      NaN       0.0000000000000000
 2452919.5000300002000000      11.6940000000000010                      NaN                      NaN       0.0000000000000000
 2452920.5000300002000000      11.9577000000000010                      NaN                      NaN       0.0000000000000000
 2452921.5000300002000000      11.8698000000000000                      NaN                      NaN       0.0000000000000000
 2452922.5000300002000000      11.9577000000000010                      NaN                      NaN       0.0000000000000000
 2452923.5000300002000000      11.6060000000000000                      NaN                      NaN       0.0000000000000000
 2452924.5000300002000000      11.8698000000000000                      NaN                      NaN       0.0000000000000000
 2452925.5000300002000000      11.9577000000000010                      NaN                      NaN       0.0000000000000000
 2452926.5000300002000000      11.9577000000000010                      NaN                      NaN       0.0000000000000000
 2452927.5000300002000000      11.7819000000000000                      NaN                      NaN       0.0000000000000000
 2452928.5000300002000000      11.9577000000000010                      NaN                      NaN       0.0000000000000000
 2452929.5000300002000000      11.7819000000000000                      NaN                      NaN       0.0000000000000000
 2452930.5000300002000000      11.6940000000000010                      NaN                      NaN       0.0000000000000000
 2452931.5000300002000000      11.9577000000000010                      NaN                      NaN       0.0000000000000000
 2452932.5000300002000000      11.7819000000000000                      NaN                      NaN       0.0000000000000000
 2452933.5000300002000000      11.8698000000000000                      NaN                      NaN       0.0000000000000000
 2452934.5000300002000000      11.8698000000000000                      NaN                      NaN       0.0000000000000000
 2452935.5000300002000000      11.9577000000000010                      NaN                      NaN       0.0000000000000000
 2452936.5000300002000000      11.6060000000000000                      NaN                      NaN       0.0000000000000000
 2452937.5000300002000000      11.8698000000000000                      NaN                      NaN       0.0000000000000000
 2452938.5000300002000000      11.7819000000000000                      NaN                      NaN       0.0000000000000000
 2452939.5000300002000000      11.9577000000000010                      NaN                      NaN       0.0000000000000000
 2452940.5000300002000000      11.4301999999999990                      NaN                      NaN       0.0000000000000000
 2452941.5000300002000000      11.3423000000000000                      NaN                      NaN       0.0000000000000000
 2452942.5000300002000000      11.3423000000000000                      NaN                      NaN       0.0000000000000000
 2452943.5000300002000000      11.3423000000000000                      NaN                      NaN       0.0000000000000000
 2452944.5000300002000000      11.3423000000000000                      NaN                      NaN       0.0000000000000000
 2452945.5000300002000000      11.3423000000000000                      NaN                      NaN       0.0000000000000000
 2452946.5000300002000000      11.3423000000000000                      NaN                      NaN       0.0000000000000000
 2452947.5000300002000000      11.3423000000000000                      NaN                      NaN       0.0000000000000000
 2452948.5000300002000000      11.3423000000000000                      NaN                      NaN       0.0000000000000000
 2452949.5000300002000000      11.3423000000000000                      NaN                      NaN       0.0000000000000000
 2452950.5000300002000000      11.3423000000000000                      NaN                      NaN       0.0000000000000000
 2452951.5000300002000000      11.4301999999999990                      NaN                      NaN       0.0000000000000000
 2452952.5000300002000000      11.6940000000000010                      NaN                      NaN       0.0000000000000000
 2452953.5000300002000000      11.8698000000000000                      NaN                      NaN       0.0000000000000000
 2452954.5000300002000000      11.5181000000000000                      NaN                      NaN       0.0000000000000000
 2452955.5000300002000000      11.8698000000000000                      NaN                      NaN       0.0000000000000000
 2452956.5000300002000000      11.7819000000000000                      NaN                      NaN       0.0000000000000000
 2452957.5000300002000000      11.8698000000000000                      NaN                      NaN       0.0000000000000000
 2452958.5000300002000000      11.5181000000000000                      NaN                      NaN       0.0000000000000000
 2452959.5000300002000000      11.9577000000000010                      NaN                      NaN       0.0000000000000000
 2452960.5000300002000000      10.9906000000000010                      NaN                      NaN       0.0000000000000000
 2452961.5000300002000000      11.9577000000000010                      NaN                      NaN       0.0000000000000000
 2452962.5000300002000000      11.1663999999999990                      NaN                      NaN       0.0000000000000000
 2452963.5000300002000000      11.5181000000000000                      NaN                      NaN       0.0000000000000000
 2452964.5000300002000000      11.9577000000000010                      NaN                      NaN       0.0000000000000000
 2452965.5000300002000000      11.8698000000000000                      NaN                      NaN       0.0000000000000000
 2452966.5000300002000000      11.9577000000000010                      NaN                      NaN       0.0000000000000000
 2452967.5000300002000000      11.9577000000000010                      NaN                      NaN       0.0000000000000000
 2452968.5000300002000000      11.7819000000000000                      NaN                      NaN       0.0000000000000000
 2452969.5000300002000000      11.8698000000000000                      NaN                      NaN       0.0000000000000000
 2452970.5000300002000000      11.8698000000000000                      NaN                      NaN       0.0000000000000000
 2452971.5000300002000000      11.8698000000000000                      NaN                      NaN       0.0000000000000000
 2452972.5000300002000000      11.9577000000000010                      NaN                      NaN       0.0000000000000000
 2452973.5000300002000000      11.8698000000000000                      NaN                      NaN       0.0000000000000000
 2452974.5000300002000000      11.9577000000000010                      NaN                      NaN       0.0000000000000000
 2452975.5000300002000000      11.6940000000000010                      NaN                      NaN       0.0000000000000000
 2452976.5000300002000000      11.8698000000000000                      NaN                      NaN       0.0000000000000000
 2452977.5000300002000000      12.0456000000000000                      NaN                      NaN       0.0000000000000000
 2452978.5000300002000000      12.0456000000000000                      NaN                      NaN       0.0000000000000000
 2452979.5000300002000000      11.7819000000000000                      NaN                      NaN       0.0000000000000000
 2452980.5000300002000000      12.0456000000000000                      NaN                      NaN       0.0000000000000000
 2452981.5000300002000000      11.6940000000000010                      NaN                      NaN       0.0000000000000000
 2452982.5000300002000000      12.0456000000000000                      NaN                      NaN       0.0000000000000000
 2452983.5000300002000000      11.6940000000000010                      NaN                      NaN       0.0000000000000000
 2452984.5000300002000000      11.6060000000000000                      NaN                      NaN       0.0000000000000000
 2452985.5000300002000000      11.6940000000000010                      NaN                      NaN       0.0000000000000000
 2452986.5000300002000000      11.7819000000000000                      NaN                      NaN       0.0000000000000000
 2452987.5000300002000000      11.7819000000000000                      NaN                      NaN       0.0000000000000000
 2452988.5000300002000000      11.9577000000000010                      NaN                      NaN       0.0000000000000000
 2452989.5000300002000000      12.0456000000000000                      NaN                      NaN       0.0000000000000000
 2452990.5000300002000000      11.7819000000000000                      NaN                      NaN       0.0000000000000000
 2452991.5000300002000000      11.9577000000000010                      NaN                      NaN       0.0000000000000000
 2452992.5000300002000000      11.8698000000000000                      NaN                      NaN       0.0000000000000000
 2452993.5000300002000000      11.8698000000000000                      NaN                      NaN       0.0000000000000000
 2452994.5000300002000000      12.0456000000000000                      NaN                      NaN       0.0000000000000000
 2452995.5000300002000000      12.0456000000000000                      NaN                      NaN       0.0000000000000000
 2452996.5000300002000000      12.0456000000000000                      NaN                      NaN       0.0000000000000000
 2452997.5000300002000000      11.5181000000000000                      NaN                      NaN       0.0000000000000000
 2452998.5000300002000000      11.7819000000000000                      NaN                      NaN       0.0000000000000000
 2452999.5000300002000000      11.9577000000000010                      NaN                      NaN       0.0000000000000000
 2453000.5000300002000000      11.5181000000000000                      NaN                      NaN       0.0000000000000000
 2453001.5000300002000000      11.8698000000000000                      NaN                      NaN       0.0000000000000000
 2453002.5000300002000000      11.5181000000000000                      NaN                      NaN       0.0000000000000000
 2453003.5000300002000000      12.0456000000000000                      NaN                      NaN       0.0000000000000000
 2453004.5000300002000000      11.9577000000000010                      NaN                      NaN       0.0000000000000000
