Time P3114 A5334 A5335 A5016
Sampling rate [day] =  1.00000
Retrieving method =  last
Binning mode =  all
 2458119.5000100000761449      10.6388999999999996      -0.2096020000000000     -14.4044000000000008       0.0000000000000000
 2458120.5000100000761449      10.8148000000000000      -0.0166022000000000     -10.1738000000000000       0.0000000000000000
 2458121.5000100000761449      10.6388999999999996      -0.2116770000000000     -14.5432000000000006       0.0000000000000000
 2458122.5000100000761449      10.8148000000000000      -0.0518817000000000     -10.4464000000000006       0.0000000000000000
 2458123.5000100000761449      10.6388999999999996      -0.2116770000000000     -14.6628000000000007       0.0000000000000000
 2458124.5000100000761449      10.7269000000000005       0.1141400000000000      13.5632999999999999       0.0000000000000000
 2458125.5000100000761449      10.5510000000000002      -0.2282800000000000     -17.4020000000000010       0.0000000000000000
 2458126.5000100000761449      10.7269000000000005       0.1639460000000000      14.0146999999999995       0.0000000000000000
 2458127.5000100000761449      10.5510000000000002      -0.2303550000000000     -17.6354000000000006       0.0000000000000000
 2458128.5000100000761449      10.8148000000000000      -0.0996129000000000      -6.2719399999999998       0.0000000000000000
 2458129.5000100000761449      10.5510000000000002      -0.2303550000000000     -17.8431999999999995       0.0000000000000000
 2458130.5000100000761449      10.8148000000000000      -0.0850860000000000      -4.6549399999999999       0.0000000000000000
 2458131.5000100000761449      10.5510000000000002      -0.2324300000000000     -18.0320000000000000       0.0000000000000000
 2458132.5000100000761449      10.9026999999999994      -0.0767849000000000      -3.5279600000000002       0.0000000000000000
 2458133.5000100000761449      10.5510000000000002      -0.2324300000000000     -18.1933000000000007       0.0000000000000000
 2458134.5000100000761449      10.9026999999999994      -0.0664086000000000      -2.0856499999999998       0.0000000000000000
 2458135.5000100000761449      10.5510000000000002      -0.2345050000000000     -18.3290000000000006       0.0000000000000000
 2458136.5000100000761449      10.8148000000000000      -0.0747097000000000      -7.6579400000000000       0.0000000000000000
 2458137.5000100000761449      10.4631000000000007      -0.2345050000000000     -18.4426999999999985       0.0000000000000000
 2458138.5000100000761449      10.8148000000000000       1.6934199999999999      -7.3444399999999996       0.0000000000000000
 2458139.5000100000761449      10.4631000000000007      -0.2345050000000000     -18.5306999999999995       0.0000000000000000
 2458140.5000100000761449      10.6388999999999996       0.1058390000000000      15.6196000000000002       0.0000000000000000
 2458141.5000100000761449      10.4631000000000007      -0.2345050000000000     -18.5985000000000014       0.0000000000000000
 2458142.5000100000761449      10.5510000000000002       0.1328170000000000      17.7807999999999993       0.0000000000000000
 2458143.5000100000761449      10.4631000000000007      -0.2345050000000000     -18.6406999999999989       0.0000000000000000
 2458144.5000100000761449      10.7269000000000005       5.5851199999999999     -11.4390000000000001       0.0000000000000000
 2458145.5000100000761449      10.4631000000000007      -0.2345050000000000     -18.6607999999999983       0.0000000000000000
 2458146.5000100000761449      10.4631000000000007      11.3617000000000008      17.7826999999999984       0.0000000000000000
 2458147.5000100000761449      10.4631000000000007      -0.2324300000000000     -18.6571999999999996       0.0000000000000000
 2458148.5000100000761449      10.7269000000000005       0.0601828000000000      13.8199000000000005       0.0000000000000000
 2458149.5000100000761449      10.4631000000000007      -0.2324300000000000     -18.6314999999999991       0.0000000000000000
 2458150.5000100000761449      10.8148000000000000      -0.0477312000000000      -5.2406899999999998       0.0000000000000000
 2458151.5000100000761449      10.4631000000000007      -0.2386560000000000     -19.3960000000000008       0.0000000000000000
 2458152.5000100000761449      10.5510000000000002       0.1224410000000000      19.2089999999999996       0.0000000000000000
 2458153.5000100000761449      10.4631000000000007      -0.2365810000000000     -19.2474999999999987       0.0000000000000000
 2458154.5000100000761449      10.7269000000000005      -8.0166199999999996       4.2816200000000002       0.0000000000000000
 2458155.5000100000761449      10.4631000000000007      -0.2345050000000000     -19.0751999999999988       0.0000000000000000
 2458156.5000100000761449      10.8148000000000000       0.0456559000000000       6.2822500000000003       0.0000000000000000
 2458157.5000100000761449      10.4631000000000007      -0.2324300000000000     -18.8844999999999992       0.0000000000000000
 2458158.5000100000761449      10.4631000000000007      -0.0581075000000000     -18.7506999999999984       0.0000000000000000
 2458159.5000100000761449      10.3751999999999995      -0.2303550000000000     -18.6607999999999983       0.0000000000000000
 2458160.5000100000761449      10.3751999999999995     -14.6705000000000005      13.2700999999999993       0.0000000000000000
 2458161.5000100000761449       0.0000000000000000     -49.9620000000000033     -49.9609999999999985       1.0000000000000000
 2458162.5000100000761449      10.8148000000000000       1.3074200000000000       4.2733800000000004       0.0000000000000000
 2458163.5000100000761449       0.0000000000000000     -49.9620000000000033     -49.9609999999999985       1.0000000000000000
 2458164.5000100000761449      10.4631000000000007     -13.5016999999999996     -10.4159000000000006       0.0000000000000000
 2458165.5000100000761449       0.0000000000000000     -49.9620000000000033     -49.9609999999999985       1.0000000000000000
 2458166.5000100000761449      10.4631000000000007     -16.1314999999999991      -4.5353100000000000       0.0000000000000000
 2458167.5000100000761449       0.0000000000000000     -49.9620000000000033     -49.9609999999999985       1.0000000000000000
 2458168.5000100000761449      10.8148000000000000      -0.0207527000000000      -3.4013700000000000       0.0000000000000000
 2458169.5000100000761449       9.7597600000000000      -0.2179030000000000     -17.2053000000000011       1.0000000000000000
 2458170.5000100000761449      10.7269000000000005       0.0311290000000000      -7.5857500000000000       0.0000000000000000
 2458171.5000100000761449      10.6388999999999996      -0.2594090000000000     -16.8464999999999989       0.0000000000000000
 2458172.5000100000761449      10.8148000000000000      -1.7536000000000000       2.6750200000000000       0.0000000000000000
 2458173.5000100000761449      10.8148000000000000      -0.1805480000000000     -16.4703000000000017       0.0000000000000000
 2458174.5000100000761449      10.7269000000000005       0.0643333000000000      10.1026000000000007       0.0000000000000000
 2458175.5000100000761449      10.6388999999999996      -0.2116770000000000     -16.0729000000000006       0.0000000000000000
 2458176.5000100000761449      10.7269000000000005       0.0518817000000000       8.2089700000000008       0.0000000000000000
 2458177.5000100000761449      10.5510000000000002      -0.0975376000000000     -15.6447000000000003       0.0000000000000000
 2458178.5000100000761449      10.8148000000000000       0.0311290000000000      -2.9344299999999999       0.0000000000000000
 2458179.5000100000761449      10.5510000000000002      -0.1411180000000000     -15.2106999999999992       0.0000000000000000
 2458180.5000100000761449      10.8148000000000000       0.0622581000000000       4.4755000000000003       0.0000000000000000
 2458181.5000100000761449      10.5510000000000002      -0.1203660000000000     -14.7689000000000004       0.0000000000000000
 2458182.5000100000761449      10.7269000000000005       0.1328170000000000       7.4991300000000001       0.0000000000000000
 2458183.5000100000761449      10.5510000000000002      -0.0913118000000000     -14.3079000000000001       0.0000000000000000
 2458184.5000100000761449      10.5510000000000002      -0.1058390000000000     -14.4544999999999995       0.0000000000000000
 2458185.5000100000761449      10.5510000000000002      -0.2262040000000000     -13.8178999999999998       0.0000000000000000
 2458186.5000100000761449      10.5510000000000002      13.6675000000000004      -0.4586340000000000       0.0000000000000000
 2458187.5000100000761449      10.5510000000000002      -0.1431940000000000     -13.3338000000000001       0.0000000000000000
 2458188.5000100000761449      10.4631000000000007      -0.1265910000000000     -15.5425000000000004       0.0000000000000000
 2458189.5000100000761449      10.5510000000000002      -0.2262040000000000     -12.8322000000000003       0.0000000000000000
 2458190.5000100000761449      10.7269000000000005       0.0518817000000000       3.9433799999999999       0.0000000000000000
 2458191.5000100000761449      10.5510000000000002      -0.1722470000000000     -12.3209999999999997       0.0000000000000000
 2458192.5000100000761449      10.7269000000000005      -0.1763980000000000      -6.8205600000000004       0.0000000000000000
 2458193.5000100000761449      10.5510000000000002      -0.3071400000000000     -11.7481000000000009       0.0000000000000000
 2458194.5000100000761449      10.7269000000000005       0.1618710000000000       7.4351900000000004       0.0000000000000000
 2458195.5000100000761449      10.5510000000000002      -0.0269785000000000     -11.2193000000000005       0.0000000000000000
 2458196.5000100000761449      10.6388999999999996      -0.0435806000000000      -7.7074400000000001       0.0000000000000000
 2458197.5000100000761449      10.5510000000000002      -0.1494190000000000     -10.6477000000000004       0.0000000000000000
 2458198.5000100000761449      10.6388999999999996      -0.0539570000000000      -9.7914200000000005       0.0000000000000000
 2458199.5000100000761449      10.5510000000000002      -0.2511080000000000     -10.0721000000000007       0.0000000000000000
 2458200.5000100000761449      10.5510000000000002      -2.0358399999999999     -12.3286999999999995       0.0000000000000000
 2458201.5000100000761449      10.6388999999999996      -0.1494190000000000      -9.4700500000000005       0.0000000000000000
 2458202.5000100000761449      10.4631000000000007       0.2282800000000000     -13.8970000000000002       0.0000000000000000
 2458203.5000100000761449      10.6388999999999996      -0.1930000000000000      -8.8720499999999998       0.0000000000000000
 2458204.5000100000761449      10.6388999999999996       0.0290538000000000      -8.9066299999999998       0.0000000000000000
 2458205.5000100000761449      10.6388999999999996      -0.1411180000000000      -8.2720199999999995       0.0000000000000000
 2458206.5000100000761449      10.3751999999999995      -0.1079140000000000     -17.8174999999999990       0.0000000000000000
 2458207.5000100000761449      10.5510000000000002       2.8285900000000002     -10.5114999999999998       0.0000000000000000
 2458208.5000100000761449      10.2873000000000001      -0.1162150000000000     -19.3318000000000012       0.0000000000000000
 2458209.5000100000761449      10.5510000000000002       2.0420600000000002     -10.4931999999999999       0.0000000000000000
 2458210.5000100000761449      10.3751999999999995      -0.0581075000000000     -15.7623999999999995       0.0000000000000000
 2458211.5000100000761449      10.3751999999999995      -0.1245160000000000     -15.4981000000000009       0.0000000000000000
 2458212.5000100000761449      10.3751999999999995       0.0498065000000000     -17.2361000000000004       0.0000000000000000
 2458213.5000100000761449      10.6388999999999996       0.4835380000000000      -6.6720600000000001       0.0000000000000000
 2458214.5000100000761449      10.1992999999999991      -1.6353100000000000     -19.2218000000000018       0.0000000000000000
 2458215.5000100000761449      10.3751999999999995      16.0074000000000005      -3.8031199999999998       0.0000000000000000
 2458216.5000100000761449      10.4631000000000007       0.0000000000000000     -14.2576999999999998       0.0000000000000000
 2458217.5000100000761449      10.5510000000000002      -0.5395700000000000      -7.2949400000000004       0.0000000000000000
 2458218.5000100000761449      10.5510000000000002      -2.9323500000000000      -9.1161300000000001       0.0000000000000000
 2458219.5000100000761449      10.6388999999999996      -0.1971510000000000      -2.7310500000000002       0.0000000000000000
 2458220.5000100000761449      10.5510000000000002      -0.1162150000000000       9.2259700000000002       0.0000000000000000
 2458221.5000100000761449      10.4631000000000007      -0.4752370000000000     -13.1852000000000000       0.0000000000000000
 2458222.5000100000761449      10.6388999999999996       0.1743230000000000       1.8428400000000000       0.0000000000000000
 2458223.5000100000761449      10.6388999999999996      -0.1452690000000000      -0.5831510000000000       0.0000000000000000
 2458224.5000100000761449      10.4631000000000007      -0.2448820000000000     -11.4044000000000008       0.0000000000000000
 2458225.5000100000761449      10.5510000000000002      -0.5499460000000000      -9.5188699999999997       0.0000000000000000
 2458226.5000100000761449      10.4631000000000007      -0.0664086000000000     -11.9467999999999996       0.0000000000000000
 2458227.5000100000761449      10.5510000000000002      -0.3424190000000000       8.3940599999999996       0.0000000000000000
 2458228.5000100000761449      10.5510000000000002      -0.0539570000000000       8.4469499999999993       0.0000000000000000
 2458229.5000100000761449      10.5510000000000002      -0.5229680000000000      -6.5586300000000000       0.0000000000000000
 2458230.5000100000761449      10.1113999999999997      -6.2760600000000002     -18.4720000000000013       0.0000000000000000
 2458231.5000100000761449      10.5510000000000002      -0.5105160000000000      -5.0736299999999996       0.0000000000000000
 2458232.5000100000761449      10.3751999999999995      -0.2573330000000000     -13.8237000000000005       0.0000000000000000
 2458233.5000100000761449      10.5510000000000002      -0.6786130000000000      -7.5692500000000003       0.0000000000000000
 2458234.5000100000761449      10.1992999999999991      -0.2096020000000000     -18.7543000000000006       0.0000000000000000
 2458235.5000100000761449      10.3751999999999995      -0.4793870000000000     -13.9375000000000000       0.0000000000000000
 2458236.5000100000761449      10.5510000000000002       0.2594090000000000       9.1629199999999997       0.0000000000000000
 2458237.5000100000761449      10.4631000000000007      -0.0705591000000000      12.3402999999999992       0.0000000000000000
 2458238.5000100000761449      10.1992999999999991      -0.1203660000000000      19.2255000000000003       0.0000000000000000
 2458239.5000100000761449      10.1113999999999997      -9.7634100000000004     -17.5736999999999988       0.0000000000000000
 2458240.5000100000761449      10.4631000000000007      -0.2739350000000000      -9.7710799999999995       0.0000000000000000
 2458241.5000100000761449      10.1992999999999991      -0.0954624000000000      18.0869999999999997       0.0000000000000000
 2458242.5000100000761449      10.1992999999999991      -0.1950750000000000     -17.3691999999999993       0.0000000000000000
 2458243.5000100000761449      10.2873000000000001     -15.1575000000000006       3.2789199999999998       0.0000000000000000
 2458244.5000100000761449      10.1992999999999991     -15.5724000000000000       4.2156200000000004       0.0000000000000000
 2458245.5000100000761449      10.5510000000000002      -0.3112900000000000      -2.6397400000000002       0.0000000000000000
 2458246.5000100000761449      10.2873000000000001       1.7141700000000000     -15.3437999999999999       0.0000000000000000
 2458247.5000100000761449      10.3751999999999995      -5.7109399999999999     -10.7291000000000007       0.0000000000000000
 2458248.5000100000761449      10.5510000000000002      -0.0539570000000000       7.0495000000000001       0.0000000000000000
 2458249.5000100000761449      10.1113999999999997      -5.9646200000000000     -17.4097000000000008       0.0000000000000000
 2458250.5000100000761449      10.5510000000000002       0.1120650000000000       5.4531200000000002       0.0000000000000000
 2458251.5000100000761449      10.0235000000000003      -5.9955600000000002     -19.7462000000000018       0.0000000000000000
 2458252.5000100000761449      10.1113999999999997      -0.0622581000000000      19.0587000000000018       0.0000000000000000
 2458253.5000100000761449      10.4631000000000007      -0.1058390000000000      10.7657000000000007       0.0000000000000000
 2458254.5000100000761449      10.1113999999999997      -0.1846990000000000      19.5757000000000012       0.0000000000000000
 2458255.5000100000761449      10.5510000000000002      -0.4856130000000000       3.8815000000000000       0.0000000000000000
 2458256.5000100000761449      10.3751999999999995      11.4715000000000007       1.8677400000000000       0.0000000000000000
 2458257.5000100000761449      10.2873000000000001      -0.0228280000000000      13.8642000000000003       0.0000000000000000
 2458258.5000100000761449      10.3751999999999995       0.1639460000000000      12.9074000000000009       0.0000000000000000
 2458259.5000100000761449      10.5510000000000002      -2.1645099999999999      -1.4817400000000001       0.0000000000000000
 2458260.5000100000761449      10.5510000000000002      -3.0257399999999999      -1.0023500000000001       0.0000000000000000
 2458261.5000100000761449      10.4631000000000007      -0.6080540000000000      -6.2822500000000003       0.0000000000000000
 2458262.5000100000761449      10.4631000000000007       0.0581075000000000      -5.8140599999999996       0.0000000000000000
 2458263.5000100000761449      10.2873000000000001       3.6192700000000002     -12.9536999999999995       0.0000000000000000
 2458264.5000100000761449      10.2873000000000001       3.2996799999999999     -11.9989000000000008       0.0000000000000000
 2458265.5000100000761449      10.1992999999999991       0.4441080000000000     -16.6092000000000013       0.0000000000000000
 2458266.5000100000761449      10.5510000000000002      -0.0083010800000000      -1.4755199999999999       0.0000000000000000
 2458267.5000100000761449      10.3751999999999995      -0.4503330000000000      11.5752000000000006       0.0000000000000000
 2458268.5000100000761449      10.3751999999999995       0.2158280000000000      12.3750000000000000       0.0000000000000000
 2458269.5000100000761449      10.5510000000000002       0.6288060000000000       0.2739350000000000       0.0000000000000000
 2458270.5000100000761449      10.4631000000000007       0.0518817000000000      -6.7793099999999997       0.0000000000000000
 2458271.5000100000761449      10.1113999999999997      -0.3756240000000000      18.7836999999999996       0.0000000000000000
 2458272.5000100000761449      10.4631000000000007      -0.0456559000000000       1.5232500000000000       0.0000000000000000
 2458273.5000100000761449      10.1992999999999991      -1.6498400000000000     -14.7746999999999993       0.0000000000000000
 2458274.5000100000761449      10.4631000000000007       0.4399570000000000       2.7351999999999999       0.0000000000000000
 2458275.5000100000761449      10.2873000000000001       0.1037630000000000     -12.3963000000000001       0.0000000000000000
 2458276.5000100000761449      10.2873000000000001      -0.1390430000000000     -11.4451000000000001       0.0000000000000000
 2458277.5000100000761449      10.2873000000000001      -0.4648600000000000     -13.7659000000000002       0.0000000000000000
 2458278.5000100000761449       9.9355899999999995     -10.6297999999999995     -18.0393000000000008       0.0000000000000000
 2458279.5000100000761449      10.2873000000000001      -3.5985200000000002     -12.8399000000000001       0.0000000000000000
 2458280.5000100000761449      10.0235000000000003      -9.1236499999999996     -17.3325999999999993       0.0000000000000000
 2458281.5000100000761449      10.4631000000000007      -0.4731610000000000      -2.3243000000000000       0.0000000000000000
 2458282.5000100000761449      10.2873000000000001       9.0937599999999996     -10.4605999999999995       0.0000000000000000
 2458283.5000100000761449      10.0235000000000003      -0.1162150000000000     -18.8771999999999984       0.0000000000000000
 2458284.5000100000761449      10.1113999999999997       0.0892366000000000     -16.6960000000000015       0.0000000000000000
 2458285.5000100000761449      10.0235000000000003      12.9055000000000000      14.9733999999999998       0.0000000000000000
 2458286.5000100000761449      10.4631000000000007       0.0518817000000000      -4.1207500000000001       0.0000000000000000
 2458287.5000100000761449      10.3751999999999995      -6.3090599999999997       6.4183800000000000       0.0000000000000000
 2458288.5000100000761449      10.1992999999999991      -0.8695380000000000      14.4718999999999998       0.0000000000000000
 2458289.5000100000761449       9.9355899999999995      12.9190000000000005     -16.8060000000000009       0.0000000000000000
 2458290.5000100000761449       9.9355899999999995      -0.3465700000000000     -19.7717999999999989       0.0000000000000000
 2458291.5000100000761449      10.3751999999999995       0.0083010800000000     -10.5318000000000005       0.0000000000000000
 2458292.5000100000761449      10.0235000000000003       0.3133660000000000      18.5031999999999996       0.0000000000000000
 2458293.5000100000761449      10.0235000000000003       5.4820000000000002      19.1687000000000012       0.0000000000000000
 2458294.5000100000761449      10.1113999999999997       0.1701720000000000     -15.8201999999999998       0.0000000000000000
 2458295.5000100000761449      10.0235000000000003     -16.1899000000000015       7.6496899999999997       0.0000000000000000
 2458296.5000100000761449      10.0235000000000003     -17.1833999999999989       7.4104400000000004       0.0000000000000000
 2458297.5000100000761449      10.0235000000000003      -1.1725300000000001     -18.6645000000000003       0.0000000000000000
 2458298.5000100000761449      10.0235000000000003      -6.9484399999999997     -16.7866999999999997       0.0000000000000000
 2458299.5000100000761449      10.0235000000000003       0.0850860000000000     -18.6187000000000005       0.0000000000000000
 2458300.5000100000761449      10.2873000000000001      -0.0871613000000000     -12.0105000000000004       0.0000000000000000
 2458301.5000100000761449      10.3751999999999995       0.5291940000000001       7.9343800000000000       0.0000000000000000
 2458302.5000100000761449      10.0235000000000003      10.8409999999999993     -15.0043000000000006       0.0000000000000000
 2458303.5000100000761449      10.4631000000000007      -0.0124516000000000       6.6576300000000002       0.0000000000000000
 2458304.5000100000761449      10.3751999999999995       0.1494190000000000      -8.7378099999999996       0.0000000000000000
 2458305.5000100000761449      10.4631000000000007      -0.4856130000000000      -1.5190999999999999       0.0000000000000000
 2458306.5000100000761449      10.3751999999999995       4.7477499999999999      -5.9275000000000002       0.0000000000000000
 2458307.5000100000761449      10.1992999999999991       0.5457959999999999      15.9900000000000002       0.0000000000000000
 2458308.5000100000761449      10.1113999999999997      -0.1058390000000000      17.5640999999999998       0.0000000000000000
 2458309.5000100000761449      10.1992999999999991     -12.0756999999999994       7.4723100000000002       0.0000000000000000
 2458310.5000100000761449      10.3751999999999995       0.1286670000000000      -9.2463099999999994       0.0000000000000000
 2458311.5000100000761449      10.4631000000000007       0.4316560000000000      -4.1950000000000003       0.0000000000000000
 2458312.5000100000761449      10.3751999999999995       5.3974399999999996      -6.7009400000000001       0.0000000000000000
 2458313.5000100000761449      10.0235000000000003      -0.2822370000000000     -18.7525000000000013       0.0000000000000000
 2458314.5000100000761449      10.2873000000000001      -0.2220540000000000      11.9603000000000002       0.0000000000000000
 2458315.5000100000761449      10.0235000000000003      -0.1162150000000000     -19.0715000000000003       0.0000000000000000
 2458316.5000100000761449      10.2873000000000001      -6.2863800000000003      -8.7276399999999992       0.0000000000000000
 2458317.5000100000761449      10.3751999999999995       0.4731610000000000      10.2327999999999992       0.0000000000000000
 2458318.5000100000761449      10.4631000000000007       0.2718600000000000       5.6222500000000002       0.0000000000000000
 2458319.5000100000761449      10.4631000000000007       1.6934199999999999      -0.9297200000000000       0.0000000000000000
 2458320.5000100000761449      10.4631000000000007       1.1683800000000000      -0.1182900000000000       0.0000000000000000
 2458321.5000100000761449      10.0235000000000003      -0.5271180000000000     -19.2805000000000000       0.0000000000000000
 2458322.5000100000761449      10.1113999999999997      16.6940999999999988      -1.6332400000000000       0.0000000000000000
 2458323.5000100000761449      10.4631000000000007       0.4337310000000000       6.0780599999999998       0.0000000000000000
 2458324.5000100000761449      10.4631000000000007      -0.4109030000000000       7.2413100000000004       0.0000000000000000
 2458325.5000100000761449      10.4631000000000007      -1.3634500000000001       3.7123699999999999       0.0000000000000000
 2458326.5000100000761449      10.4631000000000007      -1.8822700000000001       4.5167500000000000       0.0000000000000000
 2458327.5000100000761449      10.4631000000000007       0.4088280000000000       3.6793700000000000       0.0000000000000000
 2458328.5000100000761449      10.1113999999999997       9.0245999999999995     -14.4024000000000001       0.0000000000000000
 2458329.5000100000761449      10.4631000000000007      -3.5653100000000002       7.0701299999999998       0.0000000000000000
 2458330.5000100000761449      10.3751999999999995      -4.0898099999999999       7.8997999999999999       0.0000000000000000
 2458331.5000100000761449      10.3751999999999995      -1.0646100000000001     -11.2010000000000005       0.0000000000000000
 2458332.5000100000761449      10.1113999999999997      18.2025000000000006       2.1478999999999999       0.0000000000000000
 2458333.5000100000761449      10.3751999999999995       2.0794199999999998      -8.7012000000000000       0.0000000000000000
 2458334.5000100000761449      10.3751999999999995       1.6913400000000001      -9.5859900000000007       0.0000000000000000
 2458335.5000100000761449      10.3751999999999995       1.3178000000000001     -10.4769000000000005       0.0000000000000000
 2458336.5000100000761449      10.3751999999999995       0.9276450000000001     -11.3697999999999997       0.0000000000000000
 2458337.5000100000761449      10.2873000000000001       0.0477312000000000     -12.2477000000000000       0.0000000000000000
 2458338.5000100000761449      10.2873000000000001      -0.3465700000000000     -13.1081000000000003       0.0000000000000000
 2458339.5000100000761449      10.1992999999999991      -8.7025000000000006      14.8498999999999999       0.0000000000000000
 2458340.5000100000761449      10.1113999999999997      -9.2520000000000007      15.6949000000000005       0.0000000000000000
 2458341.5000100000761449      10.1113999999999997       8.1927000000000003     -16.0844999999999985       0.0000000000000000
 2458342.5000100000761449      10.4631000000000007      -0.3507200000000000      -6.4245599999999996       0.0000000000000000
 2458343.5000100000761449      10.3751999999999995      -4.7993100000000002      -8.4062699999999992       0.0000000000000000
 2458344.5000100000761449      10.4631000000000007       0.2179030000000000       5.3458699999999997       0.0000000000000000
 2458345.5000100000761449      10.4631000000000007      -0.1452690000000000       8.1845599999999994       0.0000000000000000
 2458346.5000100000761449      10.5510000000000002      -0.5333440000000000      -1.9798100000000001       0.0000000000000000
 2458347.5000100000761449      10.2873000000000001       9.5758200000000002     -10.0599000000000007       0.0000000000000000
 2458348.5000100000761449      10.5510000000000002       0.1992260000000000       1.6394599999999999       0.0000000000000000
 2458349.5000100000761449      10.4631000000000007      -7.7218799999999996       2.5463499999999999       0.0000000000000000
 2458350.5000100000761449      10.5510000000000002       0.1909250000000000      -0.2158280000000000       0.0000000000000000
 2458351.5000100000761449      10.3751999999999995      -0.1245160000000000      13.7715999999999994       0.0000000000000000
 2458352.5000100000761449      10.5510000000000002      -0.1514950000000000      -3.2872300000000001       0.0000000000000000
 2458353.5000100000761449      10.2873000000000001      -7.3258700000000001     -12.6219999999999999       0.0000000000000000
 2458354.5000100000761449      10.5510000000000002       0.1743230000000000      -3.9351300000000000       0.0000000000000000
 2458355.5000100000761449      10.3751999999999995      -7.6661900000000003       7.3114400000000002       0.0000000000000000
 2458356.5000100000761449      10.1992999999999991      -0.4212800000000000     -16.2484999999999999       0.0000000000000000
 2458357.5000100000761449      10.1992999999999991      -0.4918390000000000      17.8816999999999986       0.0000000000000000
 2458358.5000100000761449      10.3751999999999995      -1.0521600000000000     -10.5642999999999994       0.0000000000000000
 2458359.5000100000761449      10.3751999999999995       0.0684839000000000     -12.9846000000000004       0.0000000000000000
 2458360.5000100000761449      10.5510000000000002      -0.2199780000000000       5.6263800000000002       0.0000000000000000
 2458361.5000100000761449      10.1113999999999997       3.3079800000000001     -19.7315000000000005       0.0000000000000000
 2458362.5000100000761449      10.2873000000000001      -0.1763980000000000     -14.6898000000000000       0.0000000000000000
 2458363.5000100000761449      10.1992999999999991       3.0755499999999998     -18.0521999999999991       0.0000000000000000
 2458364.5000100000761449      10.1113999999999997      -0.0830108000000000     -18.6920000000000002       0.0000000000000000
 2458365.5000100000761449      10.4631000000000007       0.5748490000000001      -9.3236000000000008       0.0000000000000000
 2458366.5000100000761449      10.2873000000000001       0.1307420000000000     -15.0833999999999993       0.0000000000000000
 2458367.5000100000761449      10.4631000000000007      -0.2345050000000000      12.7202999999999999       0.0000000000000000
 2458368.5000100000761449      10.2873000000000001      -0.1763980000000000      17.2592999999999996       0.0000000000000000
 2458369.5000100000761449      10.5510000000000002       0.0311290000000000      -8.0706600000000002       0.0000000000000000
 2458370.5000100000761449      10.1992999999999991       0.1182900000000000     -18.8093000000000004       0.0000000000000000
 2458371.5000100000761449      10.1992999999999991       0.3029890000000000      19.5207000000000015       0.0000000000000000
 2458372.5000100000761449      10.5510000000000002       0.0560323000000000       5.0674400000000004       0.0000000000000000
 2458373.5000100000761449      10.5510000000000002       2.3990100000000001       4.0918799999999997       0.0000000000000000
 2458374.5000100000761449      10.6388999999999996       2.3658100000000002       3.1253500000000001       0.0000000000000000
 2458375.5000100000761449      10.3751999999999995     -10.2326999999999995       9.9012600000000006       0.0000000000000000
 2458376.5000100000761449      10.4631000000000007      -0.4129790000000000     -10.7615999999999996       0.0000000000000000
 2458377.5000100000761449      10.3751999999999995       0.3860000000000000      16.3700000000000010       0.0000000000000000
 2458378.5000100000761449      10.2873000000000001      -0.3963760000000000      17.0027000000000008       0.0000000000000000
 2458379.5000100000761449      10.6388999999999996       0.0747097000000000       1.5045700000000000       0.0000000000000000
 2458380.5000100000761449      10.3751999999999995      -0.3050650000000000      16.1077000000000012       0.0000000000000000
 2458381.5000100000761449      10.6388999999999996      -0.0290538000000000       5.2757500000000004       0.0000000000000000
 2458382.5000100000761449      10.5510000000000002       0.3361940000000000      -9.9846500000000002       0.0000000000000000
 2458383.5000100000761449      10.6388999999999996      -0.2428060000000000       1.5460799999999999       0.0000000000000000
 2458384.5000100000761449      10.6388999999999996       0.4690110000000000       2.2018599999999999       0.0000000000000000
 2458385.5000100000761449      10.6388999999999996      -0.1473440000000000      -3.7866200000000001       0.0000000000000000
 2458386.5000100000761449      10.5510000000000002      -0.0601828000000000       8.2394800000000004       0.0000000000000000
 2458387.5000100000761449      10.6388999999999996       0.0996129000000000       6.2904999999999998       0.0000000000000000
 2458388.5000100000761449      10.6388999999999996      -0.0415054000000000       7.2805000000000000       0.0000000000000000
 2458389.5000100000761449      10.6388999999999996      -0.1909250000000000      -0.3880750000000000       0.0000000000000000
 2458390.5000100000761449      10.5510000000000002      -0.0435806000000000      12.1184999999999992       0.0000000000000000
 2458391.5000100000761449      10.6388999999999996      -0.1805480000000000       1.2970400000000000       0.0000000000000000
 2458392.5000100000761449      10.5510000000000002      -0.1058390000000000     -10.2796000000000003       0.0000000000000000
 2458393.5000100000761449      10.6388999999999996       0.3195910000000000      -3.4698500000000001       0.0000000000000000
 2458394.5000100000761449      10.5510000000000002      -0.6931400000000000     -10.8125000000000000       0.0000000000000000
 2458395.5000100000761449      10.3751999999999995       0.2780860000000000     -15.6447000000000003       0.0000000000000000
 2458396.5000100000761449      10.6388999999999996       0.3652470000000000       5.5211899999999998       0.0000000000000000
 2458397.5000100000761449      10.2873000000000001       0.1639460000000000      18.8037999999999990       0.0000000000000000
 2458398.5000100000761449      10.3751999999999995      -0.2075270000000000      17.1840000000000011       0.0000000000000000
 2458399.5000100000761449      10.4631000000000007       0.4150540000000000      15.7971000000000004       0.0000000000000000
 2458400.5000100000761449      10.2873000000000001      -0.4461830000000000      18.5691999999999986       0.0000000000000000
 2458401.5000100000761449      10.3751999999999995      -0.0041505400000000     -17.5911000000000008       0.0000000000000000
 2458402.5000100000761449      10.3751999999999995      -0.2324300000000000     -16.6207999999999991       0.0000000000000000
 2458403.5000100000761449      10.4631000000000007       0.0041505400000000     -15.6486000000000001       0.0000000000000000
 2458404.5000100000761449      10.4631000000000007      -0.2179030000000000     -14.6936999999999998       0.0000000000000000
 2458405.5000100000761449      10.4631000000000007       0.0145269000000000     -13.7387999999999995       0.0000000000000000
 2458406.5000100000761449      10.5510000000000002      -0.2033760000000000     -12.7974999999999994       0.0000000000000000
 2458407.5000100000761449      10.5510000000000002       0.0062258100000000     -11.8580000000000005       0.0000000000000000
 2458408.5000100000761449      10.7269000000000005      -0.4565590000000000      -0.3424190000000000       0.0000000000000000
 2458409.5000100000761449      10.7269000000000005       0.0186774000000000      -2.3284500000000001       0.0000000000000000
 2458410.5000100000761449      10.5510000000000002      -0.0954624000000000      14.0919000000000008       0.0000000000000000
 2458411.5000100000761449      10.3751999999999995      -2.2143099999999998     -17.7497000000000007       0.0000000000000000
 2458412.5000100000761449      10.4631000000000007      -2.5878600000000000      14.7418999999999993       0.0000000000000000
 2458413.5000100000761449      10.6388999999999996      -0.0850860000000000       8.5181400000000007       0.0000000000000000
 2458414.5000100000761449      10.6388999999999996       0.4192040000000000       9.3825900000000004       0.0000000000000000
 2458415.5000100000761449      10.1992999999999991      14.7013999999999996      18.0081999999999987       0.0000000000000000
 2458416.5000100000761449      10.6388999999999996      -6.1172500000000003      -3.0900799999999999       0.0000000000000000
 2458417.5000100000761449      10.5510000000000002       0.0186774000000000      14.9772999999999996       0.0000000000000000
 2458418.5000100000761449      10.7269000000000005      -0.6869140000000000       1.0895200000000000       0.0000000000000000
 2458419.5000100000761449      10.6388999999999996      10.2022999999999993      -4.1578799999999996       0.0000000000000000
 2458420.5000100000761449      10.2873000000000001      13.9433000000000007      16.5359000000000016       0.0000000000000000
 2458421.5000100000761449      10.5510000000000002       0.0020752700000000      15.0564000000000000       0.0000000000000000
 2458422.5000100000761449      10.6388999999999996      -0.7533230000000000      -9.9256700000000002       0.0000000000000000
 2458423.5000100000761449      10.6388999999999996      -7.6558799999999998       1.9735799999999999       0.0000000000000000
 2458424.5000100000761449      10.5510000000000002      -8.8087900000000001      12.0528999999999993       0.0000000000000000
 2458425.5000100000761449      10.4631000000000007       0.0788602000000000     -17.0664000000000016       0.0000000000000000
 2458426.5000100000761449      10.4631000000000007      -0.5125910000000000     -16.2484999999999999       0.0000000000000000
 2458427.5000100000761449      10.1992999999999991     -16.2892000000000010      15.5809999999999995       0.0000000000000000
 2458428.5000100000761449      10.7269000000000005       0.6889890000000000      -2.5318299999999998       0.0000000000000000
 2458429.5000100000761449      10.4631000000000007      -0.0269785000000000      17.9549999999999983       0.0000000000000000
 2458430.5000100000761449      10.6388999999999996       0.3693980000000000      13.6732999999999993       0.0000000000000000
 2458431.5000100000761449      10.5510000000000002      -0.0290538000000000      16.4645000000000010       0.0000000000000000
 2458432.5000100000761449      10.7269000000000005      -0.2407310000000000      -3.6855600000000002       0.0000000000000000
 2458433.5000100000761449      10.6388999999999996       6.1791200000000002      12.5968999999999998       0.0000000000000000
 2458434.5000100000761449      10.7269000000000005       0.7720000000000000       4.4466299999999999       0.0000000000000000
 2458435.5000100000761449      10.6388999999999996       0.1909250000000000     -13.4128000000000007       0.0000000000000000
 2458436.5000100000761449      10.6388999999999996      -0.4067530000000000     -11.2538999999999998       0.0000000000000000
 2458437.5000100000761449      10.4631000000000007      -0.0643333000000000      18.7012000000000000       0.0000000000000000
 2458438.5000100000761449      10.7269000000000005      -0.3278920000000000      -3.9454400000000001       0.0000000000000000
 2458439.5000100000761449      10.5510000000000002       0.0664086000000000     -15.9013000000000009       0.0000000000000000
 2458440.5000100000761449      10.5510000000000002      -0.6080540000000000     -15.0911000000000008       0.0000000000000000
 2458441.5000100000761449      10.8148000000000000      -1.6602200000000000       2.0067800000000000       0.0000000000000000
 2458442.5000100000761449      10.8148000000000000      -1.3925099999999999       2.9510299999999998       0.0000000000000000
 2458443.5000100000761449      10.8148000000000000      -0.4835380000000000       1.5377700000000001       0.0000000000000000
 2458444.5000100000761449      10.7269000000000005      -3.3723100000000001      -6.6885599999999998       0.0000000000000000
 2458445.5000100000761449      10.3751999999999995     -11.4680999999999997     -16.0710000000000015       0.0000000000000000
 2458446.5000100000761449      10.7269000000000005       0.4627850000000000     -10.8084000000000007       0.0000000000000000
 2458447.5000100000761449      10.7269000000000005       0.2905380000000000       9.4375099999999996       0.0000000000000000
 2458448.5000100000761449      10.7269000000000005       7.8652199999999999       1.4215599999999999       0.0000000000000000
 2458449.5000100000761449      10.7269000000000005       0.0435806000000000      -8.6788200000000000       0.0000000000000000
 2458450.5000100000761449      10.8148000000000000       2.3471299999999999      -0.1411180000000000       0.0000000000000000
 2458451.5000100000761449      10.8148000000000000       0.3424190000000000       7.2433699999999996       0.0000000000000000
 2458452.5000100000761449      10.8148000000000000       3.8980000000000001       0.2718600000000000       0.0000000000000000
 2458453.5000100000761449      10.6388999999999996      -0.1701720000000000     -13.0810999999999993       0.0000000000000000
 2458454.5000100000761449      10.7269000000000005      -0.2863870000000000     -10.4971999999999994       0.0000000000000000
 2458455.5000100000761449      10.7269000000000005      -0.1556450000000000     -11.4573000000000000       0.0000000000000000
 2458456.5000100000761449      10.7269000000000005      -0.2345050000000000     -10.6334999999999997       0.0000000000000000
 2458457.5000100000761449      10.5510000000000002       0.0913118000000000      16.3101999999999983       0.0000000000000000
 2458458.5000100000761449      10.7269000000000005      -0.1888490000000000     -11.0138999999999996       0.0000000000000000
 2458459.5000100000761449      10.4631000000000007     -16.7430999999999983       4.5538699999999999       0.0000000000000000
 2458460.5000100000761449      10.7269000000000005       1.5730500000000001     -10.0477000000000007       0.0000000000000000
 2458461.5000100000761449      10.5510000000000002       0.1950750000000000      18.4334999999999987       0.0000000000000000
 2458462.5000100000761449      10.6388999999999996      -0.1826240000000000     -11.7156000000000002       0.0000000000000000
 2458463.5000100000761449      10.7269000000000005       0.0145269000000000     -12.1339000000000006       0.0000000000000000
 2458464.5000100000761449      10.6388999999999996      -0.1784730000000000     -12.0433000000000003       0.0000000000000000
 2458465.5000100000761449      10.8148000000000000      -0.0269785000000000      -0.8010540000000000       0.0000000000000000
 2458466.5000100000761449      10.6388999999999996      -0.2594090000000000     -12.3345000000000002       0.0000000000000000
 2458467.5000100000761449      10.5510000000000002      -0.0083010800000000     -16.0942000000000007       0.0000000000000000
 2458468.5000100000761449      10.6388999999999996      -0.2511080000000000     -12.6122999999999994       0.0000000000000000
 2458469.5000100000761449      10.5510000000000002       0.0830108000000000      18.0246999999999993       0.0000000000000000
 2458470.5000100000761449      10.6388999999999996      -0.1660220000000000     -12.9152000000000005       0.0000000000000000
 2458471.5000100000761449      10.8148000000000000      -0.0415054000000000      -5.9130599999999998       0.0000000000000000
 2458472.5000100000761449      10.6388999999999996      -0.1618710000000000     -13.1716999999999995       0.0000000000000000
 2458473.5000100000761449      10.8148000000000000       0.0020752700000000      -4.1867500000000000       0.0000000000000000
 2458474.5000100000761449      10.6388999999999996      -0.1597960000000000     -13.4206000000000003       0.0000000000000000
 2458475.5000100000761449      10.6388999999999996       1.1040399999999999      14.8286999999999995       0.0000000000000000
 2458476.5000100000761449      10.6388999999999996      -0.1639460000000000     -13.6404999999999994       0.0000000000000000
 2458477.5000100000761449      10.8148000000000000       0.0062258100000000      -3.3432599999999999       0.0000000000000000
 2458478.5000100000761449      10.6388999999999996      -0.1639460000000000     -13.8506999999999998       0.0000000000000000
 2458479.5000100000761449      10.5510000000000002      -0.1411180000000000     -18.1419999999999995       0.0000000000000000
 2458480.5000100000761449      10.6388999999999996      -0.2262040000000000      15.4634000000000000       0.0000000000000000
