Time P3114 A5334 A5335 A5016
Sampling rate [day] =  1.00000
Retrieving method =  last
Binning mode =  all
 2457023.5000100000761449      11.0785000000000000      -0.0664086000000000      -6.8721300000000003       0.0000000000000000
 2457024.5000100000761449      10.9026999999999994       6.3399999999999999     -14.2809000000000008       0.0000000000000000
 2457025.5000100000761449      10.9906000000000006      -0.0622581000000000     -11.5609999999999999       0.0000000000000000
 2457026.5000100000761449      10.9026999999999994      -0.1846990000000000      15.6755999999999993       0.0000000000000000
 2457027.5000100000761449      11.0785000000000000       0.4482580000000000      -6.5318100000000001       0.0000000000000000
 2457028.5000100000761449      10.9026999999999994     -11.3918999999999997      -5.1045600000000002       0.0000000000000000
 2457029.5000100000761449      10.8148000000000000     -14.2185000000000006      -5.7088799999999997       0.0000000000000000
 2457030.5000100000761449      10.9026999999999994      10.2571999999999992     -11.1135000000000002       0.0000000000000000
 2457031.5000100000761449      11.1663999999999994       0.0415054000000000      -0.2946880000000000       0.0000000000000000
 2457032.5000100000761449      11.1663999999999994      -0.1224410000000000       0.6952150000000000       0.0000000000000000
 2457033.5000100000761449      10.8148000000000000       0.6412580000000000      17.2611999999999988       0.0000000000000000
 2457034.5000100000761449      10.9026999999999994      -0.0933871000000000      15.7661999999999995       0.0000000000000000
 2457035.5000100000761449      10.9906000000000006       4.8570599999999997      -9.3398699999999995       0.0000000000000000
 2457036.5000100000761449      10.9906000000000006       4.4610599999999998      -8.4123699999999992       0.0000000000000000
 2457037.5000100000761449      10.9026999999999994      -0.0622581000000000     -15.4730000000000008       0.0000000000000000
 2457038.5000100000761449      10.8148000000000000       0.0996129000000000     -17.1299999999999990       0.0000000000000000
 2457039.5000100000761449      10.9026999999999994       0.0539570000000000      15.5617999999999999       0.0000000000000000
 2457040.5000100000761449      10.9906000000000006      12.5833999999999993      -0.0249032000000000       0.0000000000000000
 2457041.5000100000761449      10.9906000000000006       0.6889890000000000      11.9680000000000000       0.0000000000000000
 2457042.5000100000761449      10.9906000000000006       0.8259570000000001      12.9344999999999999       0.0000000000000000
 2457043.5000100000761449      10.9026999999999994       0.9400970000000000      13.9433000000000007       0.0000000000000000
 2457044.5000100000761449      10.9026999999999994       1.0770599999999999      14.9232999999999993       0.0000000000000000
 2457045.5000100000761449      10.9906000000000006       0.0809355000000000      13.4939000000000000       0.0000000000000000
 2457046.5000100000761449      10.8148000000000000      -0.2407310000000000     -16.7750999999999983       0.0000000000000000
 2457047.5000100000761449      11.0785000000000000       0.1743230000000000       1.9486800000000000       0.0000000000000000
 2457048.5000100000761449      10.8148000000000000      -0.0933871000000000     -15.4903999999999993       0.0000000000000000
 2457049.5000100000761449      10.9026999999999994       0.0933871000000000      15.6022999999999996       0.0000000000000000
 2457050.5000100000761449      10.8148000000000000      -0.0394301000000000      17.3846999999999987       0.0000000000000000
 2457051.5000100000761449      10.8148000000000000       0.1245160000000000      16.1982999999999997       0.0000000000000000
 2457052.5000100000761449      11.0785000000000000       6.0326899999999997       5.6284400000000003       0.0000000000000000
 2457053.5000100000761449      10.9906000000000006      -0.0892366000000000      11.1400000000000006       0.0000000000000000
 2457054.5000100000761449      10.6388999999999996      -0.2801610000000000     -19.9185000000000016       0.0000000000000000
 2457055.5000100000761449      10.9906000000000006       0.0498065000000000      -9.6165000000000003       0.0000000000000000
 2457056.5000100000761449      10.6388999999999996      -0.2967630000000000     -19.3116999999999983       0.0000000000000000
 2457057.5000100000761449      10.9026999999999994      -1.7764300000000000      15.4884000000000004       0.0000000000000000
 2457058.5000100000761449      10.8148000000000000       1.7390800000000000     -15.9995999999999992       0.0000000000000000
 2457059.5000100000761449      10.7269000000000005      11.8172999999999995      16.5184999999999995       0.0000000000000000
 2457060.5000100000761449      10.9026999999999994       9.4781899999999997      -9.7405700000000000       0.0000000000000000
 2457061.5000100000761449      10.9906000000000006       3.4096700000000002      -6.8246900000000004       0.0000000000000000
 2457062.5000100000761449      10.8148000000000000       5.1849999999999996     -13.3511000000000006       0.0000000000000000
 2457063.5000100000761449      10.9906000000000006      -0.3133660000000000      -8.3472799999999996       0.0000000000000000
 2457064.5000100000761449      10.7269000000000005      -0.2075270000000000     -16.6342999999999996       0.0000000000000000
 2457065.5000100000761449      10.9906000000000006       6.8576899999999998       4.2630600000000003       0.0000000000000000
 2457066.5000100000761449      10.8148000000000000      -0.2345050000000000     -15.9108999999999998       0.0000000000000000
 2457067.5000100000761449      10.8148000000000000       0.0207527000000000      16.1732000000000014       0.0000000000000000
 2457068.5000100000761449      10.8148000000000000      -0.1867740000000000     -15.1778999999999993       0.0000000000000000
 2457069.5000100000761449      11.0785000000000000       0.1058390000000000      -2.2516699999999998       0.0000000000000000
 2457070.5000100000761449      10.8148000000000000      -0.1763980000000000     -14.4390999999999998       0.0000000000000000
 2457071.5000100000761449      11.0785000000000000       0.5727740000000000       0.1930000000000000       0.0000000000000000
 2457072.5000100000761449      10.5510000000000002      -0.2054520000000000     -19.8562000000000012       0.0000000000000000
 2457073.5000100000761449      10.9026999999999994      -0.0664086000000000     -11.5345999999999993       0.0000000000000000
 2457074.5000100000761449      10.6388999999999996      -0.1950750000000000     -19.0862000000000016       0.0000000000000000
 2457075.5000100000761449      10.9906000000000006      -2.4674900000000002      -3.9289399999999999       0.0000000000000000
 2457076.5000100000761449      10.6388999999999996      -0.1826240000000000     -18.3180000000000014       0.0000000000000000
 2457077.5000100000761449      10.9026999999999994      -0.0456559000000000     -11.8638999999999992       0.0000000000000000
 2457078.5000100000761449      10.6388999999999996      -0.1722470000000000     -17.5274000000000001       0.0000000000000000
 2457079.5000100000761449      10.9906000000000006       1.3364700000000000       8.3513500000000001       0.0000000000000000
 2457080.5000100000761449      10.7269000000000005      -0.1597960000000000     -16.6920999999999999       0.0000000000000000
 2457081.5000100000761449      10.8148000000000000      -0.0871613000000000     -14.2963000000000005       0.0000000000000000
 2457082.5000100000761449      10.7269000000000005      -0.1473440000000000     -15.8414999999999999       0.0000000000000000
 2457083.5000100000761449      10.7269000000000005      -0.0809355000000000     -15.1509000000000000       0.0000000000000000
 2457084.5000100000761449      10.7269000000000005      -0.1452690000000000     -14.9869000000000003       0.0000000000000000
 2457085.5000100000761449      10.8148000000000000       0.1058390000000000      13.3550000000000004       0.0000000000000000
 2457086.5000100000761449      10.7269000000000005      -0.1411180000000000     -14.1303999999999998       0.0000000000000000
 2457087.5000100000761449      10.8148000000000000       0.1265910000000000      14.5432000000000006       0.0000000000000000
 2457088.5000100000761449      10.5510000000000002      -0.1763980000000000     -19.3795000000000002       0.0000000000000000
 2457089.5000100000761449      10.9026999999999994       0.0124516000000000      -7.7321900000000001       0.0000000000000000
 2457090.5000100000761449      10.5510000000000002      -0.1701720000000000     -18.5343000000000018       0.0000000000000000
 2457091.5000100000761449      10.9906000000000006       0.0581075000000000       1.0936699999999999       0.0000000000000000
 2457092.5000100000761449      10.4631000000000007      -0.1743230000000000     -19.5976999999999997       0.0000000000000000
 2457093.5000100000761449      10.5510000000000002       4.9375000000000000      18.8185000000000002       0.0000000000000000
 2457094.5000100000761449      10.5510000000000002      -0.1680970000000000     -18.5728000000000009       0.0000000000000000
 2457095.5000100000761449      10.7269000000000005      -0.0124516000000000     -13.7659000000000002       0.0000000000000000
 2457096.5000100000761449      10.4631000000000007      -0.1701720000000000     -19.1759999999999984       0.0000000000000000
 2457097.5000100000761449      10.5510000000000002       0.0664086000000000      19.3464999999999989       0.0000000000000000
 2457098.5000100000761449      10.5510000000000002      -0.1639460000000000     -18.0814999999999984       0.0000000000000000
 2457099.5000100000761449      10.9026999999999994       0.0269785000000000      -5.0158699999999996       0.0000000000000000
 2457100.5000100000761449      10.5510000000000002      -0.1577200000000000     -16.9332999999999991       0.0000000000000000
 2457101.5000100000761449      10.9906000000000006       0.0228280000000000      -1.2161100000000000       0.0000000000000000
 2457102.5000100000761449      10.6388999999999996      -0.1473440000000000     -15.7700999999999993       0.0000000000000000
 2457103.5000100000761449      10.8148000000000000      -9.5187399999999993      -4.7168099999999997       0.0000000000000000
 2457104.5000100000761449      10.4631000000000007      -0.1680970000000000     -19.4527999999999999       0.0000000000000000
 2457105.5000100000761449      10.7269000000000005       0.0373548000000000      14.1998999999999995       0.0000000000000000
 2457106.5000100000761449      10.4631000000000007      -0.1577200000000000     -18.1750000000000007       0.0000000000000000
 2457107.5000100000761449      10.9026999999999994       0.0062258100000000      -7.7734399999999999       0.0000000000000000
 2457108.5000100000761449      10.5510000000000002      -0.1514950000000000     -16.8484000000000016       0.0000000000000000
 2457109.5000100000761449      10.9026999999999994       0.0498065000000000      -1.4672200000000000       0.0000000000000000
 2457110.5000100000761449      10.6388999999999996      -0.1701720000000000     -15.5366999999999997       0.0000000000000000
 2457111.5000100000761449      10.7269000000000005       0.0581075000000000      13.7426999999999992       0.0000000000000000
 2457112.5000100000761449      10.5510000000000002      -0.3880750000000000      17.1474000000000011       0.0000000000000000
 2457113.5000100000761449      10.8148000000000000      -0.0145269000000000     -10.8003000000000000       0.0000000000000000
 2457114.5000100000761449      10.7269000000000005      -0.1265910000000000     -12.8245000000000005       0.0000000000000000
 2457115.5000100000761449      10.5510000000000002       0.0954624000000000      18.9009999999999998       0.0000000000000000
 2457116.5000100000761449      10.4631000000000007      -0.0581075000000000      17.7917999999999985       0.0000000000000000
 2457117.5000100000761449      10.5510000000000002      15.7738999999999994      -7.6269999999999998       0.0000000000000000
 2457118.5000100000761449      10.7269000000000005      -0.1058390000000000     -10.1128000000000000       0.0000000000000000
 2457119.5000100000761449      10.5510000000000002       5.9522500000000003     -15.3996999999999993       0.0000000000000000
 2457120.5000100000761449      10.7269000000000005      -0.0913118000000000      -8.7357800000000001       0.0000000000000000
 2457121.5000100000761449      10.4631000000000007      -0.1016880000000000     -18.1969999999999992       0.0000000000000000
 2457122.5000100000761449      10.7269000000000005      -0.0809355000000000      -7.3547500000000001       0.0000000000000000
 2457123.5000100000761449      10.1992999999999991     -10.2527000000000008     -19.6159999999999997       0.0000000000000000
 2457124.5000100000761449      10.7269000000000005      -0.0830108000000000      -5.9873099999999999       0.0000000000000000
 2457125.5000100000761449      10.6388999999999996      -0.0892366000000000     -12.9364000000000008       0.0000000000000000
 2457126.5000100000761449      10.3751999999999995      -0.3839250000000000      18.8936999999999991       0.0000000000000000
 2457127.5000100000761449      10.3751999999999995       0.0498065000000000      19.3245000000000005       0.0000000000000000
 2457128.5000100000761449      10.3751999999999995      -0.4129790000000000      19.0532000000000004       0.0000000000000000
 2457129.5000100000761449      10.8148000000000000       0.1556450000000000       8.2435500000000008       0.0000000000000000
 2457130.5000100000761449      10.3751999999999995      -0.4129790000000000      19.1906999999999996       0.0000000000000000
 2457131.5000100000761449      10.8148000000000000       1.6622900000000000       6.7958100000000004       0.0000000000000000
 2457132.5000100000761449      10.8148000000000000       0.0332043000000000      -0.4793870000000000       0.0000000000000000
 2457133.5000100000761449      10.4631000000000007       0.0000000000000000      17.7881999999999998       0.0000000000000000
 2457134.5000100000761449      10.7269000000000005      -0.0352796000000000       0.8985910000000000       0.0000000000000000
 2457135.5000100000761449      10.6388999999999996      -0.1058390000000000     -12.7917000000000005       0.0000000000000000
 2457136.5000100000761449      10.7269000000000005      -0.0269785000000000       2.2537400000000001       0.0000000000000000
 2457137.5000100000761449      10.7269000000000005       0.1245160000000000      -9.1283399999999997       0.0000000000000000
 2457138.5000100000761449      10.8148000000000000      -0.0913118000000000       3.6358700000000002       0.0000000000000000
 2457139.5000100000761449      10.8148000000000000      -0.0788602000000000      -3.9433799999999999       0.0000000000000000
 2457140.5000100000761449      10.9026999999999994      -0.0269785000000000       5.0014399999999997       0.0000000000000000
 2457141.5000100000761449      10.3751999999999995       0.0684839000000000      18.5820000000000007       0.0000000000000000
 2457142.5000100000761449      10.9026999999999994      -0.1805480000000000       6.3606199999999999       0.0000000000000000
 2457143.5000100000761449      10.8148000000000000       1.9486800000000000       3.6234199999999999       0.0000000000000000
 2457144.5000100000761449      10.9026999999999994      -0.0954624000000000       7.7342500000000003       0.0000000000000000
 2457145.5000100000761449      10.7269000000000005       1.9652799999999999       5.4304399999999999       0.0000000000000000
 2457146.5000100000761449      10.8148000000000000      -0.0601828000000000       9.0835899999999992       0.0000000000000000
 2457147.5000100000761449      10.7269000000000005       2.2163900000000001       7.9201400000000000       0.0000000000000000
 2457148.5000100000761449      10.3751999999999995       0.0726344000000000      19.3482999999999983       0.0000000000000000
 2457149.5000100000761449      10.7269000000000005       0.0373548000000000       6.2884399999999996       0.0000000000000000
 2457150.5000100000761449      10.3751999999999995       0.0352796000000000      19.2493000000000016       0.0000000000000000
 2457151.5000100000761449      10.6388999999999996       1.9590500000000000      10.9366000000000003       0.0000000000000000
 2457152.5000100000761449      10.2873000000000001       0.0311290000000000      19.1265000000000001       0.0000000000000000
 2457153.5000100000761449      10.5510000000000002       2.3201499999999999      13.9395000000000007       0.0000000000000000
 2457154.5000100000761449      10.2873000000000001       0.1348920000000000      18.9817000000000000       0.0000000000000000
 2457155.5000100000761449      10.6388999999999996       0.0062258100000000       9.3846200000000000       0.0000000000000000
 2457156.5000100000761449      10.2873000000000001      -0.0871613000000000      18.8111999999999995       0.0000000000000000
 2457157.5000100000761449      10.1992999999999991      12.4849999999999994     -16.9486999999999988       0.0000000000000000
 2457158.5000100000761449      10.2873000000000001      -0.2656340000000000      18.6204999999999998       0.0000000000000000
 2457159.5000100000761449      10.3751999999999995      -0.1743230000000000     -15.5502000000000002       0.0000000000000000
 2457160.5000100000761449      10.2873000000000001       0.1286670000000000      18.4188000000000009       0.0000000000000000
 2457161.5000100000761449      10.7269000000000005       0.2199780000000000       5.1416899999999996       0.0000000000000000
 2457162.5000100000761449      10.2873000000000001       0.0581075000000000      18.1933000000000007       0.0000000000000000
 2457163.5000100000761449      10.7269000000000005      -0.1577200000000000      -0.3154410000000000       0.0000000000000000
 2457164.5000100000761449      10.2873000000000001       0.1867740000000000      17.9477000000000011       0.0000000000000000
 2457165.5000100000761449      10.7269000000000005      -4.0279400000000001      -0.6391829999999999       0.0000000000000000
 2457166.5000100000761449      10.3751999999999995       0.0996129000000000      17.6799999999999997       0.0000000000000000
 2457167.5000100000761449      10.7269000000000005      -0.1639460000000000       4.6900000000000004       0.0000000000000000
 2457168.5000100000761449      10.3751999999999995       0.0332043000000000      17.3808000000000007       0.0000000000000000
 2457169.5000100000761449      10.5510000000000002       7.6022499999999997       8.5710200000000007       0.0000000000000000
 2457170.5000100000761449      10.7269000000000005      -0.6308820000000001      -0.7533230000000000       0.0000000000000000
 2457171.5000100000761449      10.6388999999999996       0.1577200000000000       6.3709400000000000       0.0000000000000000
 2457172.5000100000761449      10.6388999999999996      -0.3050650000000000      -3.0278200000000002       0.0000000000000000
 2457173.5000100000761449      10.4631000000000007      -0.2739350000000000      13.1427999999999994       0.0000000000000000
 2457174.5000100000761449      10.2873000000000001      -0.2801610000000000      18.4591999999999992       0.0000000000000000
 2457175.5000100000761449      10.5510000000000002      -0.2137530000000000     -10.4849999999999994       0.0000000000000000
 2457176.5000100000761449      10.5510000000000002      -0.9359459999999999     -11.5264000000000006       0.0000000000000000
 2457177.5000100000761449      10.3751999999999995      -0.1971510000000000     -14.3716000000000008       0.0000000000000000
 2457178.5000100000761449      10.4631000000000007       6.8680000000000003      11.7949000000000002       0.0000000000000000
 2457179.5000100000761449      10.2873000000000001      -0.0913118000000000     -16.4375000000000000       0.0000000000000000
 2457180.5000100000761449      10.3751999999999995       7.8794599999999999      13.4611000000000001       0.0000000000000000
 2457181.5000100000761449      10.6388999999999996      -0.2469570000000000      -1.5211699999999999       0.0000000000000000
 2457182.5000100000761449      10.2873000000000001       8.8903599999999994      15.1277000000000008       0.0000000000000000
 2457183.5000100000761449      10.1992999999999991     -12.8841000000000001     -13.0058000000000007       0.0000000000000000
 2457184.5000100000761449      10.1992999999999991       9.9154999999999998      16.8155999999999999       0.0000000000000000
 2457185.5000100000761449      10.6388999999999996       0.0975376000000000      -1.0895200000000000       0.0000000000000000
 2457186.5000100000761449      10.1113999999999997      10.9710999999999999      18.5159999999999982       0.0000000000000000
 2457187.5000100000761449      10.0235000000000003     -11.2654999999999994     -18.2575000000000003       0.0000000000000000
 2457188.5000100000761449      10.5510000000000002      -0.7367200000000000      -8.7988300000000006       0.0000000000000000
 2457189.5000100000761449      10.3751999999999995       0.0581075000000000     -15.5617999999999999       0.0000000000000000
 2457190.5000100000761449      10.6388999999999996      -0.6371080000000000       4.8075599999999996       0.0000000000000000
 2457191.5000100000761449      10.2873000000000001       0.3860000000000000      17.1087999999999987       0.0000000000000000
 2457192.5000100000761449      10.6388999999999996      -0.6267310000000000       1.5958800000000000       0.0000000000000000
 2457193.5000100000761449      10.1992999999999991      -0.0207527000000000     -18.2025000000000006       0.0000000000000000
 2457194.5000100000761449      10.6388999999999996      -0.6205050000000000       2.4446699999999999       0.0000000000000000
 2457195.5000100000761449      10.3751999999999995       0.0415054000000000     -13.2103000000000002       0.0000000000000000
 2457196.5000100000761449      10.6388999999999996      -0.3175160000000000      -1.7785100000000000       0.0000000000000000
 2457197.5000100000761449      10.2873000000000001       0.1141400000000000      17.5911000000000008       0.0000000000000000
 2457198.5000100000761449      10.5510000000000002       0.6910650000000000       9.5371699999999997       0.0000000000000000
 2457199.5000100000761449      10.3751999999999995       0.1099890000000000      15.6793999999999993       0.0000000000000000
 2457200.5000100000761449      10.6388999999999996      -0.6495590000000000      -1.9466000000000001       0.0000000000000000
 2457201.5000100000761449      10.2873000000000001       0.3071400000000000      17.7387000000000015       0.0000000000000000
 2457202.5000100000761449      10.5510000000000002       0.1473440000000000       7.9608200000000000       0.0000000000000000
 2457203.5000100000761449      10.3751999999999995       0.0249032000000000     -15.1393000000000004       0.0000000000000000
 2457204.5000100000761449      10.5510000000000002      -0.6952150000000000      -7.3073100000000002       0.0000000000000000
 2457205.5000100000761449      10.1113999999999997       0.4939140000000000     -19.4161999999999999       0.0000000000000000
 2457206.5000100000761449      10.5510000000000002       0.3029890000000000      -7.0701299999999998       0.0000000000000000
 2457207.5000100000761449      10.5510000000000002      -0.1307420000000000      -7.9628600000000000       0.0000000000000000
 2457208.5000100000761449      10.1992999999999991      -0.2780860000000000      19.1667999999999985       0.0000000000000000
 2457209.5000100000761449      10.6388999999999996      -0.6122040000000000      -2.2578900000000002       0.0000000000000000
 2457210.5000100000761449      10.2873000000000001      -0.2013010000000000     -16.7017999999999986       0.0000000000000000
 2457211.5000100000761449      10.2873000000000001      -0.0290538000000000     -15.7256999999999998       0.0000000000000000
 2457212.5000100000761449      10.4631000000000007      -0.0332043000000000     -13.0771999999999995       0.0000000000000000
 2457213.5000100000761449      10.4631000000000007      -0.3112900000000000     -12.6277000000000008       0.0000000000000000
 2457214.5000100000761449      10.4631000000000007       0.1784730000000000      13.9395000000000007       0.0000000000000000
 2457215.5000100000761449      10.3751999999999995       0.0415054000000000      14.8826999999999998       0.0000000000000000
 2457216.5000100000761449      10.3751999999999995       0.0249032000000000      14.9695000000000000       0.0000000000000000
 2457217.5000100000761449      10.2873000000000001       0.0498065000000000     -16.2561999999999998       0.0000000000000000
 2457218.5000100000761449      10.2873000000000001       0.4026020000000000     -17.3190999999999988       0.0000000000000000
 2457219.5000100000761449      10.6388999999999996      -0.0103763000000000       6.5049999999999999       0.0000000000000000
 2457220.5000100000761449      10.4631000000000007       0.4856130000000000     -11.1339000000000006       0.0000000000000000
 2457221.5000100000761449      10.5510000000000002      -0.2905380000000000     -10.5154999999999994       0.0000000000000000
 2457222.5000100000761449      10.1992999999999991      -0.4295810000000000     -17.6799999999999997       0.0000000000000000
 2457223.5000100000761449      10.2873000000000001      -1.2845899999999999     -16.7653999999999996       0.0000000000000000
 2457224.5000100000761449      10.4631000000000007      -0.5914520000000000     -12.2902000000000005       0.0000000000000000
 2457225.5000100000761449      10.4631000000000007       0.2054520000000000     -11.6992999999999991       0.0000000000000000
 2457226.5000100000761449      10.5510000000000002      -0.4939140000000000      12.1667000000000005       0.0000000000000000
 2457227.5000100000761449      10.4631000000000007       0.2013010000000000      12.8534000000000006       0.0000000000000000
 2457228.5000100000761449      10.6388999999999996       0.1743230000000000      -0.7803010000000000       0.0000000000000000
 2457229.5000100000761449      10.5510000000000002       0.2137530000000000      -9.4049600000000009       0.0000000000000000
 2457230.5000100000761449      10.4631000000000007      -8.6323000000000008      -8.3249099999999991       0.0000000000000000
 2457231.5000100000761449      10.6388999999999996       0.3424190000000000       2.0130100000000000       0.0000000000000000
 2457232.5000100000761449      10.1992999999999991      -9.7172800000000006     -15.2974999999999994       0.0000000000000000
 2457233.5000100000761449      10.2873000000000001      -9.1918399999999991     -14.4410000000000007       0.0000000000000000
 2457234.5000100000761449      10.6388999999999996      -0.6184300000000000      -3.2623199999999999       0.0000000000000000
 2457235.5000100000761449      10.7269000000000005      -0.3548710000000000       0.9733010000000000       0.0000000000000000
 2457236.5000100000761449      10.3751999999999995      -7.6558799999999998     -12.0066000000000006       0.0000000000000000
 2457237.5000100000761449      10.4631000000000007      -7.1361299999999996     -11.1278000000000006       0.0000000000000000
 2457238.5000100000761449      10.4631000000000007      -6.6246299999999998     -10.3141999999999996       0.0000000000000000
 2457239.5000100000761449      10.5510000000000002      -6.1110600000000002      -9.4415700000000005       0.0000000000000000
 2457240.5000100000761449      10.6388999999999996       0.4544840000000000      -8.1784599999999994       0.0000000000000000
 2457241.5000100000761449      10.7269000000000005      -0.0809355000000000       1.9154700000000000       0.0000000000000000
 2457242.5000100000761449      10.6388999999999996      -4.5992499999999996      -6.9649400000000004       0.0000000000000000
 2457243.5000100000761449      10.6388999999999996      -4.0980600000000003      -6.1193099999999996       0.0000000000000000
 2457244.5000100000761449      10.2873000000000001       0.5769250000000000     -18.0467000000000013       0.0000000000000000
 2457245.5000100000761449      10.3751999999999995       0.1909250000000000     -16.7539000000000016       0.0000000000000000
 2457246.5000100000761449      10.2873000000000001       0.1348920000000000     -17.1511999999999993       0.0000000000000000
 2457247.5000100000761449      10.6388999999999996       0.1307420000000000      -5.6676200000000003       0.0000000000000000
 2457248.5000100000761449      10.7269000000000005      -0.5250430000000000      -1.5606000000000000       0.0000000000000000
 2457249.5000100000761449      10.6388999999999996       0.1265910000000000      -7.5218100000000003       0.0000000000000000
 2457250.5000100000761449      10.7269000000000005      -0.3029890000000000      -0.3693980000000000       0.0000000000000000
 2457251.5000100000761449      10.6388999999999996       0.1348920000000000       7.0041300000000000       0.0000000000000000
 2457252.5000100000761449      10.4631000000000007      -0.5810750000000000      14.6859999999999999       0.0000000000000000
 2457253.5000100000761449      10.7269000000000005      -0.0622581000000000      -0.3527960000000000       0.0000000000000000
 2457254.5000100000761449      10.7269000000000005      -0.4441080000000000       5.1478700000000002       0.0000000000000000
 2457255.5000100000761449      10.7269000000000005       0.3776990000000000      -4.5992499999999996       0.0000000000000000
 2457256.5000100000761449      10.7269000000000005      -0.5665480000000001       0.2469570000000000       0.0000000000000000
 2457257.5000100000761449      10.7269000000000005       0.1473440000000000      -2.7870900000000001       0.0000000000000000
 2457258.5000100000761449      10.4631000000000007      -0.1556450000000000      14.8402999999999992       0.0000000000000000
 2457259.5000100000761449      10.3751999999999995       0.3382690000000000      17.9018000000000015       0.0000000000000000
 2457260.5000100000761449      10.5510000000000002      -9.5367899999999999      -4.7642499999999997       0.0000000000000000
 2457261.5000100000761449      10.5510000000000002      -9.6129899999999999      -3.7845599999999999       0.0000000000000000
 2457262.5000100000761449      10.6388999999999996       5.1251899999999999       6.7174399999999999       0.0000000000000000
 2457263.5000100000761449      10.7269000000000005      -0.0850860000000000       2.8784000000000001       0.0000000000000000
 2457264.5000100000761449      10.4631000000000007     -10.5495999999999999      11.3861000000000008       0.0000000000000000
 2457265.5000100000761449      10.4631000000000007     -10.0241000000000007      12.2303999999999995       0.0000000000000000
 2457266.5000100000761449      10.6388999999999996     -10.5736000000000008       1.9113199999999999       0.0000000000000000
 2457267.5000100000761449      10.5510000000000002       0.2718600000000000      14.5412999999999997       0.0000000000000000
 2457268.5000100000761449      10.8148000000000000      -0.5374949999999999       2.1914799999999999       0.0000000000000000
 2457269.5000100000761449      10.5510000000000002       0.2988390000000000      15.2858999999999998       0.0000000000000000
 2457270.5000100000761449      10.7269000000000005       0.2946880000000000      -3.2000600000000001       0.0000000000000000
 2457271.5000100000761449      10.3751999999999995       0.3507200000000000     -17.4252000000000002       0.0000000000000000
 2457272.5000100000761449      10.7269000000000005       0.0747097000000000      -4.6611300000000000       0.0000000000000000
 2457273.5000100000761449      10.6388999999999996      -0.1265910000000000     -11.1034000000000006       0.0000000000000000
 2457274.5000100000761449      10.7269000000000005       0.5084410000000000       6.4472500000000004       0.0000000000000000
 2457275.5000100000761449      10.6388999999999996       0.2697850000000000     -10.7210000000000001       0.0000000000000000
 2457276.5000100000761449      10.8148000000000000      -0.5208930000000001       3.4594700000000000       0.0000000000000000
 2457277.5000100000761449      10.3751999999999995       0.3071400000000000     -18.4170000000000016       0.0000000000000000
 2457278.5000100000761449      10.7269000000000005       0.1348920000000000      -7.2866900000000001       0.0000000000000000
 2457279.5000100000761449      10.8148000000000000      -0.4648600000000000      -2.5629599999999999       0.0000000000000000
 2457280.5000100000761449      10.7269000000000005       9.2544500000000003      -3.7103100000000002       0.0000000000000000
 2457281.5000100000761449      10.5510000000000002       0.2635590000000000     -15.5192999999999994       0.0000000000000000
 2457282.5000100000761449      10.8148000000000000       0.2697850000000000       4.3125600000000004       0.0000000000000000
 2457283.5000100000761449      10.4631000000000007      -0.1016880000000000     -16.7017999999999986       0.0000000000000000
 2457284.5000100000761449      10.4631000000000007       0.2241290000000000      17.8266999999999989       0.0000000000000000
 2457285.5000100000761449      10.5510000000000002       0.0560323000000000      16.8291000000000004       0.0000000000000000
 2457286.5000100000761449      10.8148000000000000       4.6528700000000001       4.9705000000000004       0.0000000000000000
 2457287.5000100000761449      10.7269000000000005       0.0041505400000000       9.9500700000000002       0.0000000000000000
 2457288.5000100000761449      10.8148000000000000      -0.4959890000000000       5.2303699999999997       0.0000000000000000
 2457289.5000100000761449      10.8148000000000000       0.0207527000000000       4.8735600000000003       0.0000000000000000
 2457290.5000100000761449      10.7269000000000005      -7.4434399999999998       5.5480000000000000       0.0000000000000000
 2457291.5000100000761449      10.5510000000000002       0.0166022000000000      15.6736000000000004       0.0000000000000000
 2457292.5000100000761449      10.3751999999999995     -17.3450999999999986       7.6187500000000004       0.0000000000000000
 2457293.5000100000761449      10.6388999999999996     -12.1926000000000005       4.3001899999999997       0.0000000000000000
 2457294.5000100000761449      10.6388999999999996       0.4876880000000000     -13.7754999999999992       0.0000000000000000
 2457295.5000100000761449      10.8148000000000000      -4.2754399999999997       7.4351900000000004       0.0000000000000000
 2457296.5000100000761449      10.5510000000000002      -0.2054520000000000     -16.3912000000000013       0.0000000000000000
 2457297.5000100000761449      10.5510000000000002       0.0726344000000000     -15.4229000000000003       0.0000000000000000
 2457298.5000100000761449      10.9026999999999994       0.1348920000000000      -1.3758999999999999       0.0000000000000000
 2457299.5000100000761449      10.7269000000000005      -0.0809355000000000      12.3865999999999996       0.0000000000000000
 2457300.5000100000761449      10.5510000000000002       3.3785400000000001      16.4914999999999985       0.0000000000000000
 2457301.5000100000761449      10.5510000000000002       0.0000000000000000      18.3509999999999991       0.0000000000000000
 2457302.5000100000761449      10.7269000000000005      -0.3984520000000000     -12.1127000000000002       0.0000000000000000
 2457303.5000100000761449      10.7269000000000005      -0.4503330000000000     -10.4971999999999994       0.0000000000000000
 2457304.5000100000761449      10.7269000000000005       0.1058390000000000      13.5709999999999997       0.0000000000000000
 2457305.5000100000761449      10.6388999999999996      -9.3863699999999994      11.4288000000000007       0.0000000000000000
 2457306.5000100000761449      10.9026999999999994      -0.4503330000000000       7.4826300000000003       0.0000000000000000
 2457307.5000100000761449      10.7269000000000005     -10.7821999999999996      -2.4073099999999998       0.0000000000000000
 2457308.5000100000761449      10.9026999999999994      -0.4441080000000000       7.6950599999999998       0.0000000000000000
 2457309.5000100000761449      10.8148000000000000       0.1182900000000000       9.8890499999999992       0.0000000000000000
 2457310.5000100000761449      10.9026999999999994      -0.4420320000000000       7.8977700000000004       0.0000000000000000
 2457311.5000100000761449      10.9026999999999994      -0.4316560000000000      -7.2083100000000000       0.0000000000000000
 2457312.5000100000761449      10.9026999999999994      -0.0477312000000000      -4.5868700000000002       0.0000000000000000
 2457316.5000100000761449      10.9026999999999994      -0.7865270000000000      -5.5046900000000001       0.0000000000000000
 2457319.5000100000761449      10.6388999999999996      -0.4461830000000000      16.8811999999999998       0.0000000000000000
 2457320.5000100000761449      10.7269000000000005       0.1307420000000000     -13.6308000000000007       0.0000000000000000
 2457321.5000100000761449      10.9026999999999994       0.3548710000000000       9.5412400000000002       0.0000000000000000
 2457322.5000100000761449      10.8148000000000000      -0.3839250000000000      12.3152000000000008       0.0000000000000000
 2457323.5000100000761449      10.8148000000000000      10.4159000000000006      -4.2486199999999998       0.0000000000000000
 2457324.5000100000761449      10.5510000000000002       0.3133660000000000      18.9597000000000016       0.0000000000000000
 2457325.5000100000761449      10.9026999999999994       8.5364400000000007      -3.3681600000000000       0.0000000000000000
 2457326.5000100000761449      10.7269000000000005       8.3920300000000001      14.6165000000000003       0.0000000000000000
 2457327.5000100000761449      10.9026999999999994      -0.3444950000000000      -3.7412500000000000       0.0000000000000000
 2457328.5000100000761449      10.5510000000000002       0.1265910000000000     -18.3180000000000014       0.0000000000000000
 2457329.5000100000761449      10.6388999999999996      -0.3756240000000000     -17.4424999999999990       0.0000000000000000
 2457330.5000100000761449      10.9906000000000006       0.4358060000000000      -2.1811099999999999       0.0000000000000000
 2457331.5000100000761449      10.6388999999999996      -0.6744620000000000     -16.4375000000000000       0.0000000000000000
 2457332.5000100000761449      10.5510000000000002      -0.1701720000000000     -18.4390000000000001       0.0000000000000000
 2457333.5000100000761449      10.6388999999999996      -0.5603230000000000     -16.8137000000000008       0.0000000000000000
 2457334.5000100000761449      10.9906000000000006       0.0477312000000000      -2.1250800000000001       0.0000000000000000
 2457335.5000100000761449      10.9906000000000006       0.0041505400000000      -3.1232799999999998       0.0000000000000000
 2457336.5000100000761449      10.5510000000000002     -16.1568000000000005      -8.6239100000000004       0.0000000000000000
 2457337.5000100000761449      10.6388999999999996       0.0830108000000000      18.2758000000000003       0.0000000000000000
 2457338.5000100000761449      10.9026999999999994      -1.3717500000000000     -10.0863999999999994       0.0000000000000000
 2457342.5000100000761449      10.7269000000000005      -0.9380210000000000     -15.1199999999999992       0.0000000000000000
 2457345.5000100000761449      10.9906000000000006       4.6116299999999999      -0.7263440000000000       0.0000000000000000
 2457346.5000100000761449      10.9026999999999994      -0.1079140000000000      12.6856000000000009       0.0000000000000000
 2457347.5000100000761449      10.9026999999999994       0.6433330000000000      10.2937999999999992       0.0000000000000000
 2457348.5000100000761449      10.9026999999999994      -0.1099890000000000      11.0992999999999995       0.0000000000000000
 2457349.5000100000761449      10.9906000000000006       0.0747097000000000      -4.0856899999999996       0.0000000000000000
 2457353.5000100000761449      10.8148000000000000       0.0684839000000000     -12.3596000000000004       0.0000000000000000
 2457354.5000100000761449      10.8148000000000000       0.1950750000000000     -12.3750000000000000       0.0000000000000000
 2457358.5000100000761449      10.9026999999999994      -0.6371080000000000      -9.6409099999999999       0.0000000000000000
 2457362.5000100000761449      10.9906000000000006       0.1099890000000000       7.6455599999999997       0.0000000000000000
 2457363.5000100000761449      10.9906000000000006      -0.0809355000000000       8.6279699999999995       0.0000000000000000
 2457364.5000100000761449      10.9026999999999994       0.0788602000000000      13.8160000000000007       0.0000000000000000
 2457365.5000100000761449      10.9906000000000006       0.0124516000000000      -3.9619399999999998       0.0000000000000000
 2457366.5000100000761449      10.9026999999999994       0.0166022000000000      14.2114999999999991       0.0000000000000000
 2457367.5000100000761449      10.9026999999999994       0.0560323000000000      14.1189000000000000       0.0000000000000000
 2457369.5000100000761449      10.9026999999999994       0.2780860000000000     -13.1060999999999996       0.0000000000000000
 2457370.5000100000761449      11.0785000000000000      -0.0830108000000000      -0.9400970000000000       0.0000000000000000
 2457371.5000100000761449      11.0785000000000000       0.1888490000000000       2.7787799999999998       0.0000000000000000
 2457372.5000100000761449      10.9906000000000006      -3.5258799999999999      -5.1231299999999997       0.0000000000000000
 2457373.5000100000761449      10.8148000000000000       6.2162499999999996     -13.2026000000000003       0.0000000000000000
 2457374.5000100000761449      11.0785000000000000       0.0477312000000000      -2.9344299999999999       0.0000000000000000
 2457375.5000100000761449      11.0785000000000000       0.0456559000000000      -3.0361199999999999       0.0000000000000000
 2457376.5000100000761449      10.7269000000000005      -0.1660220000000000      17.3556999999999988       0.0000000000000000
 2457377.5000100000761449      10.7269000000000005       0.7304950000000000      17.8156999999999996       0.0000000000000000
 2457378.5000100000761449      10.9906000000000006       2.1935600000000002       9.6551399999999994       0.0000000000000000
 2457379.5000100000761449      10.9026999999999994       2.4799500000000001      10.7005999999999997       0.0000000000000000
 2457380.5000100000761449      10.9026999999999994       2.7289800000000000      11.7440999999999995       0.0000000000000000
 2457381.5000100000761449      10.9026999999999994       3.0008400000000002      12.6856000000000009       0.0000000000000000
 2457382.5000100000761449      10.9026999999999994       3.2477999999999998      13.6713000000000005       0.0000000000000000
 2457383.5000100000761449      10.8148000000000000       3.5217299999999998      14.6222999999999992       0.0000000000000000
 2457384.5000100000761449      10.8148000000000000       3.7804400000000000      15.6582000000000008       0.0000000000000000
 2457385.5000100000761449      10.8148000000000000       4.0588800000000003      16.6246000000000009       0.0000000000000000
 2457386.5000100000761449      11.0785000000000000      -0.1037630000000000      -1.1393200000000001       0.0000000000000000
