Time P3114 A5334 A5335 A5016
Sampling rate [day] =  1.00000
Retrieving method =  last
Binning mode =  all
 2459215.5000200001522899      10.7269000000000005      -0.0415054000000000      -4.8096300000000003       0.0000000000000000
 2459216.5000200001522899      10.3751999999999995      -0.2137530000000000     -19.2420000000000009       0.0000000000000000
 2459217.5000200001522899      10.3751999999999995      -0.1245160000000000     -19.5573000000000015       0.0000000000000000
 2459218.5000200001522899      10.3751999999999995      -0.1328170000000000     -18.8277000000000001       0.0000000000000000
 2459219.5000200001522899      10.5510000000000002       0.0850860000000000      15.4267000000000003       0.0000000000000000
 2459220.5000200001522899      10.3751999999999995      -0.1348920000000000     -19.2456999999999994       0.0000000000000000
 2459221.5000200001522899      10.4631000000000007       0.0850860000000000      18.2373000000000012       0.0000000000000000
 2459222.5000200001522899      10.3751999999999995      -0.1328170000000000     -18.8148000000000017       0.0000000000000000
 2459223.5000200001522899      10.7269000000000005       0.1120650000000000       3.8113700000000001       0.0000000000000000
 2459224.5000200001522899      10.3751999999999995      -0.2033760000000000     -18.3748000000000005       0.0000000000000000
 2459225.5000200001522899      10.5510000000000002       0.0643333000000000      15.8627000000000002       0.0000000000000000
 2459226.5000200001522899      10.4631000000000007      -0.1058390000000000     -15.1760000000000002       0.0000000000000000
 2459227.5000200001522899      10.7269000000000005      -0.0269785000000000      -4.4693100000000001       0.0000000000000000
 2459228.5000200001522899       5.9792699999999996      -0.1597960000000000     -17.7441999999999993       1.0000000000000000
 2459229.5000200001522899      10.6388999999999996       0.0456559000000000      13.4590999999999994       0.0000000000000000
 2459230.5000200001522899       0.0000000000000000     -49.9620000000000033     -49.9609999999999985       1.0000000000000000
 2459231.5000200001522899      10.7269000000000005      -0.0435806000000000      -0.2220540000000000       0.0000000000000000
 2459232.5000200001522899       0.0000000000000000     -49.9620000000000033     -49.9609999999999985       1.0000000000000000
 2459233.5000200001522899      10.7269000000000005       0.0996129000000000      -1.2721400000000000       0.0000000000000000
 2459234.5000200001522899       0.0000000000000000     -49.9620000000000033     -49.9609999999999985       1.0000000000000000
 2459235.5000200001522899      10.5510000000000002       0.0788602000000000      16.6883000000000017       0.0000000000000000
 2459236.5000200001522899       0.0000000000000000     -49.9620000000000033     -49.9609999999999985       1.0000000000000000
 2459237.5000200001522899      10.4631000000000007      -0.1618710000000000     -17.6837000000000018       0.0000000000000000
 2459238.5000200001522899       0.0000000000000000     -49.9620000000000033     -49.9609999999999985       1.0000000000000000
 2459239.5000200001522899      10.7269000000000005      -0.0477312000000000      -4.3929999999999998       0.0000000000000000
 2459240.5000200001522899       0.0000000000000000     -49.9620000000000033     -49.9609999999999985       1.0000000000000000
 2459241.5000200001522899      10.5510000000000002       0.0518817000000000     -12.9055000000000000       0.0000000000000000
 2459242.5000200001522899       0.0000000000000000     -49.9620000000000033     -49.9609999999999985       1.0000000000000000
 2459243.5000200001522899      10.7269000000000005      -0.0228280000000000      -2.4923999999999999       0.0000000000000000
 2459244.5000200001522899       9.5839200000000009      -0.0622581000000000     -15.5907000000000000       1.0000000000000000
 2459245.5000200001522899      10.6388999999999996       0.1971510000000000      13.3452999999999999       0.0000000000000000
 2459246.5000200001522899      10.9026999999999994      -0.0518817000000000     -14.4833999999999996       0.0000000000000000
 2459247.5000200001522899      10.7269000000000005       0.1784730000000000       7.3423699999999998       0.0000000000000000
 2459248.5000200001522899      10.7269000000000005      -0.0830108000000000     -13.3511000000000006       0.0000000000000000
 2459249.5000200001522899      10.6388999999999996       0.0373548000000000      11.7379999999999995       0.0000000000000000
 2459250.5000200001522899      10.5510000000000002      -0.0062258100000000     -12.2341999999999995       0.0000000000000000
 2459251.5000200001522899      10.6388999999999996       0.0373548000000000      -8.9371399999999994       0.0000000000000000
 2459252.5000200001522899      10.5510000000000002      -0.0415054000000000     -11.0606000000000009       0.0000000000000000
 2459253.5000200001522899      10.4631000000000007      -0.1079140000000000     -17.2843000000000018       0.0000000000000000
 2459254.5000200001522899      10.5510000000000002      -0.0643333000000000      -9.8748199999999997       0.0000000000000000
 2459255.5000200001522899      10.4631000000000007      -0.1390430000000000     -16.3198000000000008       0.0000000000000000
 2459256.5000200001522899      10.6388999999999996      -0.1577200000000000      -8.7113700000000005       0.0000000000000000
 2459257.5000200001522899      10.7269000000000005      -0.0311290000000000       7.6105000000000000       0.0000000000000000
 2459258.5000200001522899      10.6388999999999996      -0.0726344000000000      -7.5403799999999999       0.0000000000000000
 2459259.5000200001522899      10.7269000000000005       4.8116899999999996       0.2116770000000000       0.0000000000000000
 2459260.5000200001522899      10.6388999999999996      -0.4005270000000000      -7.1588099999999999       0.0000000000000000
 2459261.5000200001522899      10.6388999999999996      -0.1079140000000000      -6.2863800000000003       0.0000000000000000
 2459262.5000200001522899      10.6388999999999996      -0.0352796000000000      -5.1025000000000000       0.0000000000000000
 2459263.5000200001522899      10.5510000000000002      -5.5459399999999999     -10.7454000000000001       0.0000000000000000
 2459264.5000200001522899      10.6388999999999996      -0.0830108000000000      -3.9206900000000000       0.0000000000000000
 2459265.5000200001522899      10.5510000000000002       0.0539570000000000     -14.1034000000000006       0.0000000000000000
 2459266.5000200001522899      10.7269000000000005       1.6228600000000000       2.0213100000000002       0.0000000000000000
 2459267.5000200001522899      10.6388999999999996      -0.0788602000000000      10.5297999999999998       0.0000000000000000
 2459268.5000200001522899      10.6388999999999996      -0.0145269000000000      -1.5087200000000001       0.0000000000000000
 2459269.5000200001522899      10.6388999999999996       1.1248000000000000       7.9648899999999996       0.0000000000000000
 2459270.5000200001522899      10.6388999999999996      -0.0062258100000000      -0.3112900000000000       0.0000000000000000
 2459271.5000200001522899      10.5510000000000002       6.3626899999999997       9.9826200000000007       0.0000000000000000
 2459272.5000200001522899      10.6388999999999996       4.0960000000000001       4.5353100000000000       0.0000000000000000
 2459273.5000200001522899      10.7269000000000005      -0.0269785000000000       2.6625700000000001       0.0000000000000000
 2459274.5000200001522899      10.6388999999999996       0.0062258100000000       2.0711200000000001       0.0000000000000000
 2459275.5000200001522899      10.5510000000000002       0.0871613000000000      14.1690000000000005       0.0000000000000000
 2459276.5000200001522899      10.4631000000000007       0.2594090000000000      14.3175000000000008       0.0000000000000000
 2459277.5000200001522899      10.2873000000000001       0.1763980000000000     -19.6600000000000001       0.0000000000000000
 2459278.5000200001522899      10.6388999999999996       2.5152299999999999      -2.6106900000000000       0.0000000000000000
 2459279.5000200001522899      10.4631000000000007       0.0020752700000000     -14.3560999999999996       0.0000000000000000
 2459280.5000200001522899      10.6388999999999996      -0.1867740000000000       1.8511400000000000       0.0000000000000000
 2459281.5000200001522899      10.5510000000000002      -0.1328170000000000      11.2761999999999993       0.0000000000000000
 2459282.5000200001522899      10.2873000000000001       0.7138920000000000      18.5288000000000004       0.0000000000000000
 2459283.5000200001522899      10.3751999999999995       1.1538500000000000      17.3750000000000000       0.0000000000000000
 2459284.5000200001522899      10.5510000000000002      -0.6952150000000000      -9.1324100000000001       0.0000000000000000
 2459285.5000200001522899      10.2873000000000001      -0.0705591000000000      19.1082000000000001       0.0000000000000000
 2459286.5000200001522899      10.5510000000000002      -5.7707499999999996      -1.4568399999999999       0.0000000000000000
 2459287.5000200001522899      10.4631000000000007      -0.3922260000000000      14.4159000000000006       0.0000000000000000
 2459288.5000200001522899      10.4631000000000007      -0.6869140000000000     -13.9085999999999999       0.0000000000000000
 2459289.5000200001522899      10.4631000000000007     -11.5563000000000002       0.4378820000000000       0.0000000000000000
 2459290.5000200001522899      10.5510000000000002      -0.5686240000000000      -9.2788500000000003       0.0000000000000000
 2459291.5000200001522899      10.5510000000000002      -0.0124516000000000      -8.7683199999999992       0.0000000000000000
 2459292.5000200001522899      10.4631000000000007      -0.6516340000000000     -11.4451000000000001       0.0000000000000000
 2459293.5000200001522899      10.6388999999999996       3.2810000000000001      -5.1025000000000000       0.0000000000000000
 2459294.5000200001522899      10.4631000000000007      -0.0871613000000000      13.1273999999999997       0.0000000000000000
 2459295.5000200001522899      10.5510000000000002      -0.0166022000000000      -6.8081899999999997       0.0000000000000000
 2459296.5000200001522899      10.5510000000000002      -0.6267310000000000      -8.8923900000000007       0.0000000000000000
 2459297.5000200001522899      10.5510000000000002      -0.0269785000000000      -8.2049000000000003       0.0000000000000000
 2459298.5000200001522899      10.2873000000000001      -0.5956020000000000     -16.8406999999999982       0.0000000000000000
 2459299.5000200001522899      10.4631000000000007       0.0186774000000000      12.7607999999999997       0.0000000000000000
 2459300.5000200001522899      10.5510000000000002      -0.6018280000000000      -6.3399999999999999       0.0000000000000000
 2459301.5000200001522899      10.4631000000000007      -0.0518817000000000     -12.5100999999999996       0.0000000000000000
 2459302.5000200001522899      10.3751999999999995       0.5997530000000000      15.8472000000000008       0.0000000000000000
 2459303.5000200001522899      10.3751999999999995      -0.0684839000000000     -15.1045999999999996       0.0000000000000000
 2459304.5000200001522899      10.5510000000000002      -0.5810750000000000      -3.7763100000000001       0.0000000000000000
 2459305.5000200001522899      10.6388999999999996      -0.6329570000000000      -0.7740750000000000       0.0000000000000000
 2459306.5000200001522899      10.2873000000000001      -0.6889890000000000     -16.5782999999999987       0.0000000000000000
 2459307.5000200001522899      10.1992999999999991      -0.0913118000000000     -18.1035000000000004       0.0000000000000000
 2459308.5000200001522899      10.5510000000000002      -0.5603230000000000      -1.2036600000000000       0.0000000000000000
 2459309.5000200001522899      10.2873000000000001       0.4399570000000000      18.0521999999999991       0.0000000000000000
 2459310.5000200001522899      10.4631000000000007      -0.5893760000000000      -7.3506299999999998       0.0000000000000000
 2459311.5000200001522899      10.5510000000000002      -0.0311290000000000       3.7412500000000000       0.0000000000000000
 2459312.5000200001522899      10.5510000000000002      -0.5437200000000000       1.3510000000000000       0.0000000000000000
 2459313.5000200001522899      10.3751999999999995      -0.0767849000000000     -14.2075999999999993       0.0000000000000000
 2459314.5000200001522899      10.5510000000000002      -0.5665480000000001      -5.6449400000000001       0.0000000000000000
 2459315.5000200001522899      10.4631000000000007      -0.2573330000000000      10.0985999999999994       0.0000000000000000
 2459316.5000200001522899      10.5510000000000002      -0.5291940000000001       3.9021200000000000       0.0000000000000000
 2459317.5000200001522899      10.2873000000000001      -0.2199780000000000      15.9629999999999992       0.0000000000000000
 2459318.5000200001522899      10.2873000000000001      -0.6454090000000000     -14.6262000000000008       0.0000000000000000
 2459319.5000200001522899      10.1113999999999997      -0.2303550000000000      19.6215000000000011       0.0000000000000000
 2459320.5000200001522899      10.5510000000000002      -0.5354190000000000      -1.3572299999999999       0.0000000000000000
 2459321.5000200001522899      10.3751999999999995      -0.3382690000000000     -10.7962000000000007       0.0000000000000000
 2459322.5000200001522899      10.1113999999999997      -0.7387960000000000     -19.4564999999999984       0.0000000000000000
 2459323.5000200001522899      10.1113999999999997       0.2822370000000000     -19.2034999999999982       0.0000000000000000
 2459324.5000200001522899      10.4631000000000007       0.2324300000000000       7.6166900000000002       0.0000000000000000
 2459325.5000200001522899      10.2873000000000001       0.3424190000000000      15.2782000000000000       0.0000000000000000
 2459326.5000200001522899      10.3751999999999995      -0.4461830000000000      13.8622999999999994       0.0000000000000000
 2459327.5000200001522899      10.4631000000000007       0.1245160000000000      10.0679999999999996       0.0000000000000000
 2459328.5000200001522899      10.1113999999999997      -0.4316560000000000     -17.4522000000000013       0.0000000000000000
 2459329.5000200001522899      10.1992999999999991       0.0830108000000000     -16.5686999999999998       0.0000000000000000
 2459330.5000200001522899      10.1992999999999991      -0.4399570000000000      16.4741999999999997       0.0000000000000000
 2459331.5000200001522899      10.1113999999999997      -0.0498065000000000     -18.5947999999999993       0.0000000000000000
 2459332.5000200001522899      10.1992999999999991      -0.4358060000000000      17.8449999999999989       0.0000000000000000
 2459333.5000200001522899      10.1113999999999997       0.4856130000000000      19.1942999999999984       0.0000000000000000
 2459334.5000200001522899      10.4631000000000007      -0.4835380000000000       6.4348799999999997       0.0000000000000000
 2459335.5000200001522899      10.4631000000000007      -0.2469570000000000       0.6018280000000000       0.0000000000000000
 2459336.5000200001522899      10.3751999999999995      -0.3631720000000000     -10.7127999999999997       0.0000000000000000
 2459337.5000200001522899      10.4631000000000007      -0.3382690000000000      -6.9401900000000003       0.0000000000000000
 2459338.5000200001522899      10.4631000000000007      -0.1597960000000000      -0.3901510000000000       0.0000000000000000
 2459339.5000200001522899      10.1992999999999991      -3.5985200000000002      16.3506999999999998       0.0000000000000000
 2459340.5000200001522899      10.2873000000000001      -0.0062258100000000     -11.4390000000000001       0.0000000000000000
 2459341.5000200001522899      10.3751999999999995      -0.0830108000000000     -10.4382000000000001       0.0000000000000000
 2459342.5000200001522899      10.4631000000000007      -1.1455500000000001      -5.5830599999999997       0.0000000000000000
 2459343.5000200001522899      10.4631000000000007       0.1079140000000000      -3.4719199999999999       0.0000000000000000
 2459344.5000200001522899      10.3751999999999995       0.0913118000000000       9.0429099999999991       0.0000000000000000
 2459345.5000200001522899      10.3751999999999995       0.0747097000000000       8.1357499999999998       0.0000000000000000
 2459346.5000200001522899      10.4631000000000007       0.7076670000000000      -2.1956300000000000       0.0000000000000000
 2459347.5000200001522899      10.4631000000000007      -0.4088280000000000      -3.7515600000000000       0.0000000000000000
 2459348.5000200001522899      10.1992999999999991      -0.4524090000000000      14.5952999999999999       0.0000000000000000
 2459349.5000200001522899      10.1992999999999991       0.3009140000000000     -14.1111000000000004       0.0000000000000000
 2459350.5000200001522899      10.4631000000000007      -0.2801610000000000       1.1995100000000001       0.0000000000000000
 2459351.5000200001522899      10.4631000000000007      -0.7387960000000000      -0.9483980000000000       0.0000000000000000
 2459352.5000200001522899      10.4631000000000007       0.1452690000000000      -2.7995399999999999       0.0000000000000000
 2459353.5000200001522899      10.4631000000000007      -0.7138920000000000      -2.3118500000000002       0.0000000000000000
 2459354.5000200001522899      10.1992999999999991      -0.5665480000000001     -14.5779999999999994       0.0000000000000000
 2459355.5000200001522899      10.3751999999999995      -0.4109030000000000      -7.3836300000000001       0.0000000000000000
 2459356.5000200001522899      10.3751999999999995      -0.1182900000000000       8.9717199999999995       0.0000000000000000
 2459357.5000200001522899      10.3751999999999995       0.3361940000000000      -6.1832500000000001       0.0000000000000000
 2459358.5000200001522899      10.2873000000000001      -0.1099890000000000      10.8247000000000000       0.0000000000000000
 2459359.5000200001522899      10.3751999999999995       0.5042900000000000       6.9608100000000004       0.0000000000000000
 2459360.5000200001522899      10.3751999999999995      -0.2967630000000000      -5.5871899999999997       0.0000000000000000
 2459361.5000200001522899      10.3751999999999995      -0.1805480000000000       4.2135600000000002       0.0000000000000000
 2459362.5000200001522899      10.3751999999999995       3.5362600000000000       5.4201300000000003       0.0000000000000000
 2459363.5000200001522899      10.3751999999999995      -0.1452690000000000       5.7191900000000002       0.0000000000000000
 2459364.5000200001522899      10.2873000000000001      -0.2137530000000000      13.0020000000000007       0.0000000000000000
 2459365.5000200001522899      10.3751999999999995      -3.5238100000000001       1.2887400000000000       0.0000000000000000
 2459366.5000200001522899      10.1992999999999991       4.7126900000000003     -11.2925000000000004       0.0000000000000000
 2459367.5000200001522899      10.2873000000000001      -0.0311290000000000     -11.0809999999999995       0.0000000000000000
 2459368.5000200001522899      10.3751999999999995       0.1141400000000000       5.6181200000000002       0.0000000000000000
 2459369.5000200001522899      10.1992999999999991      -0.5333440000000000     -12.3286999999999995       0.0000000000000000
 2459370.5000200001522899       9.4960000000000004     -19.4561999999999991      18.2905000000000015       0.0000000000000000
 2459371.5000200001522899       9.4080800000000000     -19.5423000000000009      19.2952000000000012       0.0000000000000000
 2459372.5000200001522899      10.1113999999999997       1.3738300000000001     -15.5443999999999996       0.0000000000000000
 2459373.5000200001522899      10.0235000000000003       1.3572299999999999     -16.5089000000000006       0.0000000000000000
 2459374.5000200001522899      10.0235000000000003      -0.1431940000000000     -16.8406999999999982       0.0000000000000000
 2459375.5000200001522899      10.2873000000000001      -0.1577200000000000      -8.4449100000000001       0.0000000000000000
 2459376.5000200001522899       9.5839200000000009     -15.8041999999999998      19.8964999999999996       0.0000000000000000
 2459377.5000200001522899      10.2873000000000001      -0.0269785000000000      -7.6043099999999999       0.0000000000000000
 2459378.5000200001522899       9.6718399999999995     -14.0353999999999992     -18.6003000000000007       0.0000000000000000
 2459379.5000200001522899      10.1113999999999997       0.2760110000000000      14.9753000000000007       0.0000000000000000
 2459380.5000200001522899      10.0235000000000003      -0.1784730000000000     -17.8927000000000014       0.0000000000000000
 2459381.5000200001522899      10.1992999999999991       0.2635590000000000      13.1967999999999996       0.0000000000000000
 2459382.5000200001522899      10.2873000000000001       0.4088280000000000      -8.7317099999999996       0.0000000000000000
 2459383.5000200001522899      10.2873000000000001       0.2531830000000000      11.4185999999999996       0.0000000000000000
 2459384.5000200001522899      10.1113999999999997     -14.0120000000000005      -1.7079500000000001       0.0000000000000000
 2459385.5000200001522899      10.2873000000000001       0.2428060000000000       9.5839499999999997       0.0000000000000000
 2459386.5000200001522899      10.1113999999999997       0.3361940000000000     -14.6280999999999999       0.0000000000000000
 2459387.5000200001522899      10.2873000000000001       0.2345050000000000       7.7693099999999999       0.0000000000000000
 2459388.5000200001522899       9.8476700000000008      -8.7325800000000005     -18.9505000000000017       0.0000000000000000
 2459389.5000200001522899      10.2873000000000001      -0.3922260000000000       8.4123699999999992       0.0000000000000000
 2459390.5000200001522899      10.3751999999999995      -2.7829400000000000       4.4775600000000004       0.0000000000000000
 2459391.5000200001522899      10.0235000000000003       0.3984520000000000      18.2061999999999991       0.0000000000000000
 2459392.5000200001522899       9.9355899999999995      -5.5397499999999997      17.9622999999999990       0.0000000000000000
 2459393.5000200001522899      10.2873000000000001       0.3009140000000000      -8.6442499999999995       0.0000000000000000
 2459394.5000200001522899      10.2873000000000001       0.0166022000000000     -10.3812999999999995       0.0000000000000000
 2459395.5000200001522899      10.3751999999999995      -0.3050650000000000      -5.2695600000000002       0.0000000000000000
 2459396.5000200001522899      10.3751999999999995       0.3984520000000000      -3.8402500000000002       0.0000000000000000
 2459397.5000200001522899      10.2873000000000001       0.4565590000000000       9.6266700000000007       0.0000000000000000
 2459398.5000200001522899      10.3751999999999995      -0.3278920000000000       3.9536899999999999       0.0000000000000000
 2459399.5000200001522899      10.3751999999999995      -0.0996129000000000      -5.1520000000000001       0.0000000000000000
 2459400.5000200001522899      10.2873000000000001      -7.5465600000000004      -6.0099999999999998       0.0000000000000000
 2459401.5000200001522899      10.2873000000000001      -7.2330600000000000      -5.0736299999999996       0.0000000000000000
 2459402.5000200001522899      10.2873000000000001      -7.6888800000000002      -1.9652799999999999       0.0000000000000000
 2459403.5000200001522899      10.3751999999999995      -3.7494999999999998      -3.0880000000000001       0.0000000000000000
 2459404.5000200001522899      10.0235000000000003       4.3785600000000002     -17.1551000000000009       0.0000000000000000
 2459405.5000200001522899       9.9355899999999995      -0.0311290000000000      19.2107999999999990       0.0000000000000000
 2459406.5000200001522899      10.3751999999999995      -0.3154410000000000       0.6993660000000000       0.0000000000000000
 2459407.5000200001522899      10.3751999999999995       0.3797740000000000       1.3530800000000001       0.0000000000000000
 2459408.5000200001522899       9.9355899999999995      -0.5188170000000000     -18.2501999999999995       0.0000000000000000
 2459409.5000200001522899      10.3751999999999995      -0.5914520000000000      -4.0918799999999997       0.0000000000000000
 2459410.5000200001522899      10.2873000000000001      -0.0290538000000000      -9.4619099999999996       0.0000000000000000
 2459411.5000200001522899      10.2873000000000001      -0.1182900000000000       9.7548100000000009       0.0000000000000000
 2459412.5000200001522899      10.1992999999999991      -0.3465700000000000      11.9718999999999998       0.0000000000000000
 2459413.5000200001522899      10.1992999999999991       0.5748490000000001      12.2881999999999998       0.0000000000000000
 2459414.5000200001522899      10.3751999999999995       0.1680970000000000       7.7466200000000001       0.0000000000000000
 2459415.5000200001522899      10.1992999999999991      -0.0518817000000000      14.3619000000000003       0.0000000000000000
 2459416.5000200001522899      10.3751999999999995       0.4129790000000000       1.0604600000000000       0.0000000000000000
 2459417.5000200001522899      10.3751999999999995       0.0788602000000000      -2.1935600000000002       0.0000000000000000
 2459418.5000200001522899      10.2873000000000001       0.0601828000000000      -8.8028999999999993       0.0000000000000000
 2459419.5000200001522899      10.3751999999999995       0.5229680000000000       5.6428799999999999       0.0000000000000000
 2459420.5000200001522899      10.3751999999999995       0.1867740000000000      -0.3693980000000000       0.0000000000000000
 2459421.5000200001522899      10.2873000000000001      -0.0186774000000000       9.7548100000000009       0.0000000000000000
 2459422.5000200001522899      10.1113999999999997       0.1452690000000000      16.1268999999999991       0.0000000000000000
 2459423.5000200001522899      10.3751999999999995       0.5395700000000000      -3.5881400000000001       0.0000000000000000
 2459424.5000200001522899      10.0235000000000003      -0.0726344000000000     -17.8560000000000016       0.0000000000000000
 2459425.5000200001522899      10.0235000000000003      -0.1016880000000000     -16.8888999999999996       0.0000000000000000
 2459426.5000200001522899      10.1113999999999997      -0.1348920000000000     -16.2368999999999986       0.0000000000000000
 2459427.5000200001522899      10.1113999999999997       0.0124516000000000      15.8645999999999994       0.0000000000000000
 2459428.5000200001522899      10.3751999999999995       0.2573330000000000       8.1804900000000007       0.0000000000000000
 2459429.5000200001522899      10.1113999999999997     -13.3672000000000004       4.2836900000000000       0.0000000000000000
 2459430.5000200001522899      10.1113999999999997       0.2905380000000000     -15.5945000000000000       0.0000000000000000
 2459431.5000200001522899      10.1992999999999991       0.4399570000000000     -12.9324999999999992       0.0000000000000000
 2459432.5000200001522899      10.3751999999999995       0.1577200000000000      -5.6511199999999997       0.0000000000000000
 2459433.5000200001522899      10.3751999999999995       0.5976770000000000      -7.5878100000000002       0.0000000000000000
 2459434.5000200001522899      10.3751999999999995      -0.0062258100000000      -4.1351899999999997       0.0000000000000000
 2459435.5000200001522899      10.3751999999999995       0.0643333000000000      -5.0839400000000001       0.0000000000000000
 2459436.5000200001522899      10.2873000000000001     -10.2748000000000008      -4.5786300000000004       0.0000000000000000
 2459437.5000200001522899      10.1992999999999991      -0.2116770000000000      14.2172000000000001       0.0000000000000000
 2459438.5000200001522899      10.2873000000000001      -9.4385200000000005       5.6139999999999999       0.0000000000000000
 2459439.5000200001522899      10.3751999999999995      -0.1971510000000000       8.1357499999999998       0.0000000000000000
 2459440.5000200001522899       9.9355899999999995       0.4627850000000000     -19.4802999999999997       0.0000000000000000
 2459441.5000200001522899      10.1992999999999991      -0.4897630000000000     -12.6547000000000001       0.0000000000000000
 2459442.5000200001522899      10.2873000000000001      -0.0871613000000000      12.9093999999999998       0.0000000000000000
 2459443.5000200001522899      10.4631000000000007      -0.4835380000000000      -0.7886020000000000       0.0000000000000000
 2459444.5000200001522899      10.0235000000000003      -0.1079140000000000      18.4647000000000006       0.0000000000000000
 2459445.5000200001522899      10.1992999999999991      -2.2931699999999999      14.0166000000000004       0.0000000000000000
 2459446.5000200001522899      10.3751999999999995       0.0726344000000000       9.9276999999999997       0.0000000000000000
 2459447.5000200001522899      10.3751999999999995      -0.5457959999999999      -6.5833700000000004       0.0000000000000000
 2459448.5000200001522899      10.3751999999999995       0.0622581000000000       8.0157399999999992       0.0000000000000000
 2459449.5000200001522899      10.0235000000000003     -17.0801000000000016       7.7053799999999999       0.0000000000000000
 2459450.5000200001522899      10.1113999999999997       0.0000000000000000     -15.7064000000000004       0.0000000000000000
 2459451.5000200001522899      10.3751999999999995      -2.1167699999999998       8.0828600000000002       0.0000000000000000
 2459452.5000200001522899      10.3751999999999995      -0.1452690000000000       8.2740600000000004       0.0000000000000000
 2459453.5000200001522899      10.0235000000000003      10.0069999999999997      17.9531999999999989       0.0000000000000000
 2459454.5000200001522899      10.3751999999999995       0.3424190000000000       9.5046300000000006       0.0000000000000000
 2459455.5000200001522899      10.4631000000000007       0.4005270000000000       1.8345400000000001       0.0000000000000000
 2459456.5000200001522899      10.0235000000000003      -0.2137530000000000     -19.1282999999999994       0.0000000000000000
 2459457.5000200001522899      10.1992999999999991       0.5354190000000000      14.9213000000000005       0.0000000000000000
 2459458.5000200001522899      10.3751999999999995       0.1452690000000000     -10.6132000000000009       0.0000000000000000
 2459459.5000200001522899      10.2873000000000001      -0.3943010000000000     -11.4124999999999996       0.0000000000000000
 2459460.5000200001522899      10.4631000000000007       0.0083010800000000      -3.4594700000000000       0.0000000000000000
 2459461.5000200001522899      10.1992999999999991      -0.2843120000000000     -15.2472999999999992       0.0000000000000000
 2459462.5000200001522899      10.4631000000000007       0.0000000000000000      -5.3788700000000000       0.0000000000000000
 2459463.5000200001522899      10.4631000000000007      -2.9800900000000001      -4.8261300000000000       0.0000000000000000
 2459464.5000200001522899      10.4631000000000007      -0.0103763000000000      -7.3114400000000002       0.0000000000000000
 2459465.5000200001522899      10.3751999999999995      -0.1307420000000000      -9.4537800000000001       0.0000000000000000
 2459466.5000200001522899      10.4631000000000007       0.0145269000000000      -6.8824399999999999       0.0000000000000000
 2459467.5000200001522899      10.4631000000000007      -0.2760110000000000      -4.6920599999999997       0.0000000000000000
 2459468.5000200001522899      10.3751999999999995      -8.2592800000000004      -1.6477599999999999       0.0000000000000000
 2459469.5000200001522899      10.4631000000000007      -0.1016880000000000      -5.0488700000000000       0.0000000000000000
 2459470.5000200001522899      10.1992999999999991      -0.0622581000000000     -15.4634000000000000       0.0000000000000000
 2459471.5000200001522899      10.1992999999999991       0.5644730000000000     -16.2561999999999998       0.0000000000000000
 2459472.5000200001522899      10.4631000000000007      -0.0954624000000000      -4.3311200000000003       0.0000000000000000
 2459473.5000200001522899      10.3751999999999995       0.4544840000000000     -10.0740999999999996       0.0000000000000000
 2459474.5000200001522899      10.4631000000000007       0.0601828000000000       5.8615000000000004       0.0000000000000000
 2459475.5000200001522899      10.4631000000000007       0.0622581000000000       6.8308700000000000       0.0000000000000000
 2459476.5000200001522899      10.4631000000000007       0.0726344000000000       7.9465800000000000       0.0000000000000000
 2459477.5000200001522899      10.4631000000000007       0.0767849000000000       8.9086700000000008       0.0000000000000000
 2459478.5000200001522899      10.4631000000000007       0.0809355000000000       9.5208999999999993       0.0000000000000000
 2459479.5000200001522899      10.4631000000000007       0.0871613000000000      10.4910999999999994       0.0000000000000000
 2459480.5000200001522899      10.2873000000000001       0.1245160000000000     -15.4459999999999997       0.0000000000000000
 2459481.5000200001522899      10.1992999999999991      -0.5893760000000000     -16.1231000000000009       0.0000000000000000
 2459482.5000200001522899      10.1992999999999991       0.0788602000000000      18.0961999999999996       0.0000000000000000
 2459483.5000200001522899      10.2873000000000001      -4.3517500000000000      14.1670999999999996       0.0000000000000000
 2459484.5000200001522899      10.4631000000000007      -0.1597960000000000      -8.8883299999999998       0.0000000000000000
 2459485.5000200001522899      10.5510000000000002       4.4878700000000000       6.0388799999999998       0.0000000000000000
 2459486.5000200001522899      10.2873000000000001       0.1265910000000000      17.4097000000000008       0.0000000000000000
 2459487.5000200001522899      10.1992999999999991       0.1348920000000000      18.3619999999999983       0.0000000000000000
 2459488.5000200001522899      10.1992999999999991      -0.1265910000000000     -16.7673999999999985       0.0000000000000000
 2459489.5000200001522899      10.2873000000000001       0.0830108000000000     -15.8028999999999993       0.0000000000000000
 2459490.5000200001522899      10.4631000000000007      -0.1722470000000000      -8.4571199999999997       0.0000000000000000
 2459491.5000200001522899      10.2873000000000001      -0.1888490000000000      16.6863999999999990       0.0000000000000000
 2459492.5000200001522899      10.3751999999999995      -3.9557500000000001     -12.8071000000000002       0.0000000000000000
 2459493.5000200001522899      10.2873000000000001       0.0000000000000000      17.9971999999999994       0.0000000000000000
 2459494.5000200001522899      10.2873000000000001      -0.0435806000000000     -15.8066999999999993       0.0000000000000000
 2459495.5000200001522899      10.5510000000000002       0.3216670000000000      -4.1166200000000002       0.0000000000000000
 2459496.5000200001522899      10.1992999999999991      -0.1286670000000000     -18.0081999999999987       0.0000000000000000
 2459497.5000200001522899      10.3751999999999995      -2.7518099999999999     -12.9730000000000008       0.0000000000000000
 2459498.5000200001522899      10.5510000000000002       0.0913118000000000       6.6741299999999999       0.0000000000000000
 2459499.5000200001522899      10.5510000000000002       4.2341899999999999      -2.8368899999999999       0.0000000000000000
 2459500.5000200001522899      10.3751999999999995       0.1618710000000000      14.6608999999999998       0.0000000000000000
 2459501.5000200001522899      10.3751999999999995      -0.1369680000000000     -13.1196000000000002       0.0000000000000000
 2459502.5000200001522899      10.4631000000000007       0.1514950000000000      12.7551000000000005       0.0000000000000000
 2459503.5000200001522899      10.4631000000000007       8.9595199999999995       8.1316799999999994       0.0000000000000000
 2459504.5000200001522899      10.5510000000000002       0.0996129000000000       6.6823699999999997       0.0000000000000000
 2459505.5000200001522899      10.5510000000000002       7.3650599999999997      -0.9400970000000000       0.0000000000000000
 2459506.5000200001522899      10.2873000000000001       0.1930000000000000      17.8230000000000004       0.0000000000000000
 2459507.5000200001522899      10.4631000000000007      -5.6841200000000001      -8.9005299999999998       0.0000000000000000
 2459508.5000200001522899      10.5510000000000002       0.1286670000000000       6.9133699999999996       0.0000000000000000
 2459509.5000200001522899      10.2873000000000001      -0.3258170000000000     -17.2090999999999994       0.0000000000000000
 2459510.5000200001522899      10.6388999999999996      -0.0124516000000000       5.0344400000000000       0.0000000000000000
 2459511.5000200001522899      10.3751999999999995       2.4135399999999998     -15.5425000000000004       0.0000000000000000
 2459512.5000200001522899      10.6388999999999996      -0.0020752700000000       6.9546299999999999       0.0000000000000000
 2459513.5000200001522899      10.2873000000000001       0.9068920000000000     -18.0447999999999986       0.0000000000000000
 2459514.5000200001522899      10.3751999999999995      -0.0684839000000000      17.8743000000000016       0.0000000000000000
 2459515.5000200001522899      10.2873000000000001      -0.2365810000000000     -17.0683000000000007       0.0000000000000000
 2459516.5000200001522899      10.4631000000000007      11.2395999999999994       6.2678099999999999       0.0000000000000000
 2459517.5000200001522899      10.2873000000000001       5.5211899999999998     -18.3547000000000011       0.0000000000000000
 2459518.5000200001522899      10.6388999999999996      -0.0145269000000000       3.8897499999999998       0.0000000000000000
 2459519.5000200001522899      10.3751999999999995      13.6713000000000005       9.2381700000000002       0.0000000000000000
 2459520.5000200001522899      10.1992999999999991     -10.0200999999999993      18.0906999999999982       0.0000000000000000
 2459521.5000200001522899      10.2873000000000001      -0.3299680000000000     -18.7727000000000004       0.0000000000000000
 2459522.5000200001522899      10.3751999999999995       5.9955600000000002      17.7624999999999993       0.0000000000000000
 2459523.5000200001522899      10.2873000000000001      -0.2303550000000000     -19.3978000000000002       0.0000000000000000
 2459524.5000200001522899      10.6388999999999996       0.0601828000000000       4.6796899999999999       0.0000000000000000
 2459525.5000200001522899      10.2873000000000001      -0.2282800000000000     -19.3904999999999994       0.0000000000000000
 2459526.5000200001522899      10.5510000000000002       0.7470970000000000      10.6071000000000009       0.0000000000000000
 2459527.5000200001522899      10.2873000000000001      -0.2075270000000000     -18.1768000000000001       0.0000000000000000
 2459528.5000200001522899      10.4631000000000007      -0.0705591000000000     -13.1196000000000002       0.0000000000000000
 2459529.5000200001522899      10.3751999999999995       3.4573999999999998     -15.8722999999999992       0.0000000000000000
 2459530.5000200001522899      10.5510000000000002       0.0664086000000000      13.8681000000000001       0.0000000000000000
 2459531.5000200001522899      10.2873000000000001      -0.2116770000000000     -19.4271999999999991       0.0000000000000000
 2459532.5000200001522899      10.5510000000000002      -0.0954624000000000     -12.6084999999999994       0.0000000000000000
 2459533.5000200001522899      10.2873000000000001      -0.2033760000000000     -19.1320000000000014       0.0000000000000000
 2459534.5000200001522899      10.5510000000000002      -0.0830108000000000     -10.6071000000000009       0.0000000000000000
 2459535.5000200001522899      10.2873000000000001      -0.1950750000000000     -18.9376999999999995       0.0000000000000000
 2459536.5000200001522899      10.7269000000000005       0.0996129000000000       2.8161399999999999       0.0000000000000000
 2459537.5000200001522899      10.2873000000000001      -0.1867740000000000     -18.7195000000000000       0.0000000000000000
 2459538.5000200001522899      10.6388999999999996       0.1099890000000000       5.8862500000000004       0.0000000000000000
 2459539.5000200001522899      10.3751999999999995      -0.1805480000000000     -18.4812000000000012       0.0000000000000000
 2459540.5000200001522899      10.5510000000000002       0.0373548000000000      15.0254999999999992       0.0000000000000000
 2459541.5000200001522899      10.3751999999999995      -0.1722470000000000     -18.2226999999999997       0.0000000000000000
 2459542.5000200001522899      10.5510000000000002       0.2760110000000000      13.8391999999999999       0.0000000000000000
 2459543.5000200001522899      10.3751999999999995      -0.1660220000000000     -17.9293000000000013       0.0000000000000000
 2459544.5000200001522899      10.1992999999999991      12.1667000000000005      19.6490000000000009       0.0000000000000000
 2459545.5000200001522899      10.3751999999999995      -0.1556450000000000     -17.6180999999999983       0.0000000000000000
 2459546.5000200001522899      10.4631000000000007      -0.1058390000000000     -14.6127000000000002       0.0000000000000000
 2459547.5000200001522899      10.3751999999999995      -0.1473440000000000     -17.2805000000000000       0.0000000000000000
 2459548.5000200001522899      10.6388999999999996      -2.7787799999999998     -10.7698000000000000       0.0000000000000000
 2459549.5000200001522899      10.2873000000000001      -0.1535700000000000     -19.2603000000000009       0.0000000000000000
 2459550.5000200001522899      10.4631000000000007       0.0747097000000000     -17.0452000000000012       0.0000000000000000
 2459551.5000200001522899      10.3751999999999995      -0.1597960000000000     -18.8992000000000004       0.0000000000000000
 2459552.5000200001522899      10.7269000000000005       0.0933871000000000      -1.9777300000000000       0.0000000000000000
 2459553.5000200001522899      10.3751999999999995      -0.2013010000000000     -18.5252000000000017       0.0000000000000000
 2459554.5000200001522899      10.6388999999999996       0.0456559000000000       7.9343800000000000       0.0000000000000000
 2459555.5000200001522899      10.3751999999999995      -0.0269785000000000     -18.1144999999999996       0.0000000000000000
 2459556.5000200001522899      10.3751999999999995       0.1473440000000000      19.1137000000000015       0.0000000000000000
 2459557.5000200001522899      10.3751999999999995      -0.2075270000000000     -17.6891999999999996       0.0000000000000000
 2459558.5000200001522899      10.4631000000000007      -0.0249032000000000     -16.9140000000000015       0.0000000000000000
 2459559.5000200001522899      10.4631000000000007      -0.1348920000000000     -14.8171999999999997       0.0000000000000000
 2459560.5000200001522899      10.6388999999999996       8.1357499999999998       4.4033100000000003       0.0000000000000000
 2459561.5000200001522899      10.3751999999999995      -0.1348920000000000     -19.3887000000000000       0.0000000000000000
 2459562.5000200001522899      10.6388999999999996       0.0622581000000000      10.2693999999999992       0.0000000000000000
 2459563.5000200001522899      10.3751999999999995      -0.1286670000000000     -18.6737000000000002       0.0000000000000000
 2459564.5000200001522899      10.4631000000000007       0.1452690000000000      17.7680000000000007       0.0000000000000000
 2459565.5000200001522899      10.3751999999999995      -0.1245160000000000     -17.9477000000000011       0.0000000000000000
 2459566.5000200001522899      10.5510000000000002      -0.0290538000000000     -14.4139999999999997       0.0000000000000000
 2459567.5000200001522899      10.4631000000000007      -0.1203660000000000     -17.1724999999999994       0.0000000000000000
 2459568.5000200001522899      10.5510000000000002       0.1431940000000000      14.9270999999999994       0.0000000000000000
 2459569.5000200001522899      10.4631000000000007      -0.1141400000000000     -16.3873999999999995       0.0000000000000000
 2459570.5000200001522899      10.6388999999999996       0.0809355000000000      11.4817000000000000       0.0000000000000000
 2459571.5000200001522899      10.4631000000000007      -0.1079140000000000     -15.5637000000000008       0.0000000000000000
 2459572.5000200001522899      10.5510000000000002       0.1431940000000000      15.8800000000000008       0.0000000000000000
 2459573.5000200001522899      10.4631000000000007      -0.1037630000000000     -14.7553999999999998       0.0000000000000000
 2459574.5000200001522899      10.7269000000000005      -0.0249032000000000      -1.9175500000000001       0.0000000000000000
 2459575.5000200001522899      10.5510000000000002      -0.0975376000000000     -13.9182000000000006       0.0000000000000000
 2459576.5000200001522899      10.7269000000000005       0.0705591000000000       2.9178299999999999       0.0000000000000000
 2459577.5000200001522899      10.5510000000000002      -0.1037630000000000     -13.0771999999999995       0.0000000000000000
 2459578.5000200001522899      10.7269000000000005       0.0435806000000000      -0.0394301000000000       0.0000000000000000
 2459579.5000200001522899      10.6388999999999996       0.3112900000000000      13.4206000000000003       0.0000000000000000
