Time P3114 A5334 A5335 A5016
 2452275.5000000000000000      12.3094000000000000       1.5523000000000000     -14.9792000000000010       0.0000000000000000
 2452276.5000000000000000      12.3973000000000000       2.8700999999999999      13.8392000000000000       0.0000000000000000
 2452277.5000000000000000      12.6610999999999990       1.5398499999999999      -2.8265199999999999       0.0000000000000000
 2452278.5000000000000000      12.6610999999999990       1.7639800000000001       4.0258799999999999       0.0000000000000000
 2452279.5000000000000000      12.3094000000000000       1.8594400000000000     -15.6910000000000010       0.0000000000000000
 2452280.5000000000000000      12.4852000000000010       1.3593000000000000      -9.5697200000000002       0.0000000000000000
 2452281.5000000000000000      12.3973000000000000       1.5938099999999999      13.8102000000000000       0.0000000000000000
 2452282.5000000000000000      12.4852000000000010       1.2887400000000000      -9.9927899999999994       0.0000000000000000
 2452283.5000000000000000      12.2215000000000010       3.7164999999999999      17.3596000000000000       0.0000000000000000
 2452284.5000000000000000      12.4852000000000010       1.7536000000000000      -9.9093900000000001       0.0000000000000000
 2452285.5000000000000000      12.4852000000000010       1.5066500000000000     -10.7169000000000010       0.0000000000000000
 2452286.5000000000000000      12.5731000000000000       1.3987300000000000      -4.1001200000000004       0.0000000000000000
 2452287.5000000000000000      12.3973000000000000       1.0853699999999999     -12.3693000000000010       0.0000000000000000
 2452288.5000000000000000      12.3973000000000000       0.3486450000000000     -11.6973000000000000       0.0000000000000000
 2452289.5000000000000000      12.3973000000000000       1.9051000000000000      13.8527000000000000       0.0000000000000000
 2452290.5000000000000000      12.4852000000000010      -1.1351700000000000     -10.2754999999999990       0.0000000000000000
 2452291.5000000000000000      12.4852000000000010      -1.8905700000000001      -9.5514100000000006       0.0000000000000000
 2452292.5000000000000000      12.0456000000000000       1.2015800000000001     -19.6343000000000000       0.0000000000000000
 2452293.5000000000000000      12.4852000000000010       3.5756899999999998      11.5223999999999990       0.0000000000000000
 2452294.5000000000000000      12.4852000000000010      -4.0733100000000002      -7.4558099999999996       0.0000000000000000
 2452295.5000000000000000      12.6610999999999990       0.5208930000000001       0.4358060000000000       0.0000000000000000
 2452296.5000000000000000      12.4852000000000010      -5.4675599999999998      -6.0677500000000002       0.0000000000000000
 2452297.5000000000000000      12.4852000000000010      -6.2822500000000003      -5.3046300000000004       0.0000000000000000
 2452298.5000000000000000      12.5731000000000000       2.5712600000000001       6.4946900000000003       0.0000000000000000
 2452299.5000000000000000      12.5731000000000000      -0.1473440000000000       2.2537400000000001       0.0000000000000000
 2452300.5000000000000000      12.5731000000000000      -0.2905380000000000       6.6266900000000000       0.0000000000000000
 2452301.5000000000000000      12.2215000000000010       0.3258170000000000     -15.7219000000000000       0.0000000000000000
 2452302.5000000000000000      12.5731000000000000       1.2679900000000000       5.3953699999999998       0.0000000000000000
 2452303.5000000000000000      12.5731000000000000       0.9338710000000000       6.5813100000000002       0.0000000000000000
 2452304.5000000000000000      12.4852000000000010       1.8968000000000000       7.9201400000000000       0.0000000000000000
 2452305.5000000000000000      12.4852000000000010       1.5917300000000001       9.7995599999999996       0.0000000000000000
 2452306.5000000000000000      12.3094000000000000       0.0062258100000000      14.6493000000000000       0.0000000000000000
 2452307.5000000000000000      12.4852000000000010       1.5917300000000001      10.2022999999999990       0.0000000000000000
 2452308.5000000000000000      12.4852000000000010       2.1499799999999998       6.9484399999999997       0.0000000000000000
 2452309.5000000000000000      12.5731000000000000       1.9320800000000000       3.3162799999999999       0.0000000000000000
 2452310.5000000000000000      12.4852000000000010      -2.3180800000000001      -7.2557499999999999       0.0000000000000000
 2452311.5000000000000000      12.3973000000000000       0.5437200000000000      -9.2991899999999994       0.0000000000000000
 2452312.5000000000000000      12.5731000000000000       0.1431940000000000       2.0814900000000001       0.0000000000000000
 2452313.5000000000000000      12.4852000000000010       2.2641200000000001      -7.2062499999999998       0.0000000000000000
 2452314.5000000000000000      12.5731000000000000       0.1265910000000000       2.4861700000000000       0.0000000000000000
 2452315.5000000000000000      12.4852000000000010       0.5291940000000001      -4.9271900000000004       0.0000000000000000
 2452316.5000000000000000      12.4852000000000010      -0.2324300000000000       5.2427500000000000       0.0000000000000000
 2452317.5000000000000000      12.3973000000000000       1.8054800000000000     -10.8552000000000000       0.0000000000000000
 2452318.5000000000000000      12.5731000000000000       0.3735480000000000      -1.5419200000000000       0.0000000000000000
 2452319.5000000000000000      12.0456000000000000       0.3050650000000000     -17.9953000000000000       0.0000000000000000
 2452320.5000000000000000      12.4852000000000010       2.9053800000000001      -6.2760600000000002       0.0000000000000000
 2452321.5000000000000000      12.4852000000000010       2.6521900000000000      -5.2633700000000001       0.0000000000000000
 2452322.5000000000000000      12.4852000000000010       0.3652470000000000      -3.7907500000000001       0.0000000000000000
 2452323.5000000000000000      12.4852000000000010      -0.5914520000000000       6.2100600000000004       0.0000000000000000
 2452324.5000000000000000      12.4852000000000010       0.3673230000000000      -6.9216300000000004       0.0000000000000000
 2452325.5000000000000000      12.0456000000000000       0.3465700000000000      18.2776999999999990       0.0000000000000000
 2452326.5000000000000000      12.4852000000000010      -0.4503330000000000       4.7539400000000001       0.0000000000000000
 2452327.5000000000000000      12.3973000000000000       0.4980650000000000      -7.5671900000000001       0.0000000000000000
 2452328.5000000000000000      12.2215000000000010       0.4378820000000000     -14.6165000000000000       0.0000000000000000
 2452329.5000000000000000      12.2215000000000010       0.3216670000000000      14.4738000000000010       0.0000000000000000
 2452330.5000000000000000      12.4852000000000010       0.6474840000000000      -3.5009800000000002       0.0000000000000000
 2452331.5000000000000000      12.2215000000000010       0.1701720000000000      15.0197000000000000       0.0000000000000000
 2452332.5000000000000000      12.3094000000000000      -0.0622581000000000      11.1827000000000010       0.0000000000000000
 2452333.5000000000000000      12.3094000000000000      -0.7263440000000000      10.0436000000000000       0.0000000000000000
 2452334.5000000000000000      12.3094000000000000      -0.7242690000000001      10.3752000000000000       0.0000000000000000
 2452335.5000000000000000      12.3094000000000000      -0.7221940000000000      10.6457000000000000       0.0000000000000000
 2452336.5000000000000000      12.3094000000000000      -0.6993660000000000      10.9528000000000000       0.0000000000000000
 2452337.5000000000000000      12.3094000000000000      -0.6972900000000000      11.2132000000000010       0.0000000000000000
 2452338.5000000000000000      12.3973000000000000       0.0581075000000000       8.3065999999999995       0.0000000000000000
 2452339.5000000000000000      12.3973000000000000      -0.1535700000000000      -5.6284400000000003       0.0000000000000000
 2452340.5000000000000000      12.2215000000000010       0.1307420000000000      13.7080000000000000       0.0000000000000000
 2452341.5000000000000000      12.3973000000000000       0.5042900000000000      -6.4204400000000001       0.0000000000000000
 2452342.5000000000000000      12.4852000000000010       1.4340100000000000       2.2392200000000000       0.0000000000000000
 2452343.5000000000000000      12.3094000000000000       0.3963760000000000      -8.3249099999999991       0.0000000000000000
 2452344.5000000000000000      12.3094000000000000       0.1556450000000000       9.3886900000000004       0.0000000000000000
 2452345.5000000000000000      12.2215000000000010       0.2718600000000000      -9.7832899999999992       0.0000000000000000
 2452346.5000000000000000      12.3973000000000000       0.1909250000000000      -2.6916199999999999       0.0000000000000000
 2452347.5000000000000000      12.2215000000000010       0.5167420000000000      -9.7100600000000004       0.0000000000000000
 2452348.5000000000000000      12.1335999999999990       0.4005270000000000      14.2751000000000000       0.0000000000000000
 2452349.5000000000000000      12.2215000000000010       0.5188170000000000     -10.7413000000000010       0.0000000000000000
 2452350.5000000000000000      12.1335999999999990       0.0228280000000000     -12.9788000000000000       0.0000000000000000
 2452351.5000000000000000      12.3094000000000000      -0.2843120000000000      -7.4640599999999999       0.0000000000000000
 2452352.5000000000000000      11.9577000000000010      -0.3590220000000000     -15.8472000000000010       0.0000000000000000
 2452353.5000000000000000      12.0456000000000000     -14.3451000000000000      -2.8514200000000001       0.0000000000000000
 2452354.5000000000000000      12.3094000000000000       3.0776200000000000      -3.5030500000000000       0.0000000000000000
 2452355.5000000000000000      12.3094000000000000       0.2448820000000000       0.4835380000000000       0.0000000000000000
 2452356.5000000000000000      12.3094000000000000       0.2013010000000000       8.0035399999999992       0.0000000000000000
 2452357.5000000000000000      12.3094000000000000       0.1535700000000000       1.5834299999999999       0.0000000000000000
 2452358.5000000000000000      12.1335999999999990      -0.0477312000000000     -11.1705000000000010       0.0000000000000000
 2452359.5000000000000000      12.3094000000000000       0.8052040000000000      -1.1040399999999999       0.0000000000000000
 2452360.5000000000000000      11.8698000000000000       0.3860000000000000      17.8578000000000010       0.0000000000000000
 2452361.5000000000000000      12.2215000000000010      -7.6022499999999997      -0.9214190000000000       0.0000000000000000
 2452362.5000000000000000      12.2215000000000010       3.3411800000000000      -6.4183800000000000       0.0000000000000000
 2452363.5000000000000000      12.2215000000000010      -5.6614399999999998      -0.4005270000000000       0.0000000000000000
 2452364.5000000000000000      12.3094000000000000       0.2697850000000000       3.4988999999999999       0.0000000000000000
 2452365.5000000000000000      11.7819000000000000      15.0891000000000000       8.8923900000000007       0.0000000000000000
 2452366.5000000000000000      11.7819000000000000       0.3092150000000000     -17.3538000000000000       0.0000000000000000
 2452367.5000000000000000      12.2215000000000010      -0.5084410000000000       6.8185000000000002       0.0000000000000000
 2452368.5000000000000000      11.6940000000000010      18.6810000000000010       7.1319999999999997       0.0000000000000000
 2452369.5000000000000000      12.1335999999999990       0.6931400000000000      -8.2435500000000008       0.0000000000000000
 2452370.5000000000000000      11.7819000000000000       0.4233550000000000      17.7698000000000000       0.0000000000000000
 2452371.5000000000000000      11.9577000000000010       0.1224410000000000     -13.1465999999999990       0.0000000000000000
 2452372.5000000000000000      12.1335999999999990       0.1182900000000000      -7.2413100000000004       0.0000000000000000
 2452373.5000000000000000      12.2215000000000010      -0.5956020000000000       1.9839599999999999       0.0000000000000000
 2452374.5000000000000000      12.0456000000000000      -0.2635590000000000     -11.6912000000000000       0.0000000000000000
 2452375.5000000000000000      11.6940000000000010       0.6744620000000000     -17.8816999999999990       0.0000000000000000
 2452376.5000000000000000      12.2215000000000010       0.3880750000000000       3.1938399999999998       0.0000000000000000
 2452377.5000000000000000      11.6940000000000010       0.6765380000000000     -17.8101999999999980       0.0000000000000000
 2452378.5000000000000000      11.6060000000000000      11.5671000000000000      17.2496000000000010       0.0000000000000000
 2452379.5000000000000000      11.6940000000000010       0.6827630000000000     -17.4464000000000010       0.0000000000000000
 2452380.5000000000000000      12.1335999999999990      -0.2428060000000000      -7.0928100000000001       0.0000000000000000
 2452381.5000000000000000      12.0456000000000000       0.7097420000000000      -9.2788500000000003       0.0000000000000000
 2452382.5000000000000000      12.0456000000000000       0.1930000000000000      -9.2218999999999998       0.0000000000000000
 2452383.5000000000000000      12.0456000000000000       0.7221940000000000      -9.5900599999999994       0.0000000000000000
 2452384.5000000000000000      12.1335999999999990       3.5051299999999999       5.7212500000000004       0.0000000000000000
 2452385.5000000000000000      12.1335999999999990      -0.6391830000000000      -0.3133660000000000       0.0000000000000000
 2452386.5000000000000000      12.1335999999999990       0.0456559000000000       5.4778799999999999       0.0000000000000000
 2452387.5000000000000000      12.1335999999999990       0.8197310000000000       2.6397400000000002       0.0000000000000000
 2452388.5000000000000000      11.6940000000000010      -0.2718600000000000     -16.8928000000000010       0.0000000000000000
 2452389.5000000000000000      11.6940000000000010       0.3341180000000000     -16.1789999999999980       0.0000000000000000
 2452390.5000000000000000      12.1335999999999990      -0.0332043000000000       3.7948700000000000       0.0000000000000000
 2452391.5000000000000000      11.5181000000000000      -0.1618710000000000      19.5408000000000010       0.0000000000000000
 2452392.5000000000000000      11.9577000000000010      -0.1286670000000000      10.1921000000000000       0.0000000000000000
 2452393.5000000000000000      11.6060000000000000      16.4935000000000010       6.0842499999999999       0.0000000000000000
 2452394.5000000000000000      11.6060000000000000       0.2718600000000000      17.7349999999999990       0.0000000000000000
 2452395.5000000000000000      11.9577000000000010       0.7574730000000000      -7.6950599999999998       0.0000000000000000
 2452396.5000000000000000      11.9577000000000010       0.2116770000000000     -10.3284000000000000       0.0000000000000000
 2452397.5000000000000000      11.9577000000000010      -0.5956020000000000       8.0238800000000001       0.0000000000000000
 2452398.5000000000000000      11.6940000000000010       1.3821300000000001     -14.7651000000000000       0.0000000000000000
 2452399.5000000000000000      11.6940000000000010       0.7346450000000000     -15.3939000000000000       0.0000000000000000
 2452400.5000000000000000      11.9577000000000010       0.0726344000000000      -6.1378800000000000       0.0000000000000000
 2452401.5000000000000000      11.8698000000000000       0.7636990000000000      -8.9717199999999995       0.0000000000000000
 2452402.5000000000000000      11.8698000000000000      -0.0373548000000000      -9.6205700000000007       0.0000000000000000
 2452403.5000000000000000      11.0785000000000000      15.2377000000000000     -19.2695000000000010       0.0000000000000000
 2452404.5000000000000000      11.8698000000000000      -0.0103763000000000      -9.8687100000000001       0.0000000000000000
 2452405.5000000000000000      11.7819000000000000       2.0565899999999999     -10.9751999999999990       0.0000000000000000
 2452406.5000000000000000      11.5181000000000000       0.0830108000000000      17.9843000000000010       0.0000000000000000
 2452407.5000000000000000      11.8698000000000000       0.6765380000000000      -9.2768200000000007       0.0000000000000000
 2452408.5000000000000000      11.9577000000000010      -0.1660220000000000      -5.2881299999999998       0.0000000000000000
 2452409.5000000000000000      11.8698000000000000       6.4802499999999998      -7.0453700000000001       0.0000000000000000
 2452410.5000000000000000      11.8698000000000000      -0.0041505400000000      -8.0157399999999992       0.0000000000000000
 2452411.5000000000000000      11.4301999999999990      10.2552000000000000     -15.2067999999999990       0.0000000000000000
 2452412.5000000000000000      11.8698000000000000       0.1494190000000000      10.0009000000000000       0.0000000000000000
 2452413.5000000000000000      11.5181000000000000       6.9814400000000001     -15.5405000000000000       0.0000000000000000
 2452414.5000000000000000      11.9577000000000010       0.1660220000000000      -4.2630600000000003       0.0000000000000000
 2452415.5000000000000000      11.9577000000000010      -0.6682370000000000      -3.7680600000000002       0.0000000000000000
 2452416.5000000000000000      11.8698000000000000      -0.1639460000000000      -6.2987500000000001       0.0000000000000000
 2452417.5000000000000000      11.7819000000000000       3.0962999999999998      -8.8740900000000007       0.0000000000000000
 2452418.5000000000000000      11.6940000000000010       0.0871613000000000     -11.9854000000000000       0.0000000000000000
 2452419.5000000000000000      11.8698000000000000       0.5084410000000000      -7.5300599999999998       0.0000000000000000
 2452420.5000000000000000      11.7819000000000000       0.2324300000000000      11.4369000000000000       0.0000000000000000
 2452421.5000000000000000      11.5181000000000000      -0.0830108000000000      17.1474000000000010       0.0000000000000000
 2452422.5000000000000000      11.9577000000000010       0.0684839000000000       5.3149400000000000       0.0000000000000000
 2452423.5000000000000000      11.4301999999999990      -0.5686240000000000      18.3895000000000020       0.0000000000000000
 2452424.5000000000000000      11.7819000000000000      -0.1390430000000000      -9.5432699999999997       0.0000000000000000
 2452425.5000000000000000      11.8698000000000000       6.8700599999999996      -3.7206199999999998       0.0000000000000000
 2452426.5000000000000000      11.7819000000000000      -0.0747097000000000      11.3210000000000000       0.0000000000000000
 2452427.5000000000000000      11.6060000000000000       0.3133660000000000      15.0197000000000000       0.0000000000000000
 2452428.5000000000000000      11.7819000000000000      -0.1411180000000000      -9.6185299999999998       0.0000000000000000
 2452429.5000000000000000      11.3423000000000000      14.5992000000000000     -12.5814000000000000       0.0000000000000000
 2452430.5000000000000000      11.5181000000000000       4.8075599999999996     -14.3137000000000010       0.0000000000000000
 2452431.5000000000000000      11.7819000000000000      -4.3373100000000004      -7.1340599999999998       0.0000000000000000
 2452432.5000000000000000      11.6060000000000000       6.0141200000000001     -12.3904999999999990       0.0000000000000000
 2452433.5000000000000000      11.6060000000000000      -0.0767849000000000      14.9136000000000010       0.0000000000000000
 2452434.5000000000000000      11.7819000000000000      -0.1037630000000000     -10.2409000000000000       0.0000000000000000
 2452435.5000000000000000      11.7819000000000000      -1.9632000000000001       9.8138000000000005       0.0000000000000000
 2452436.5000000000000000      11.6940000000000010      -2.2143099999999998      11.7664000000000010       0.0000000000000000
 2452437.5000000000000000      11.6060000000000000      -0.0892366000000000      14.0668000000000010       0.0000000000000000
 2452438.5000000000000000      11.8698000000000000      -0.1390430000000000       4.8818099999999998       0.0000000000000000
 2452439.5000000000000000      11.6060000000000000      -0.0394301000000000      13.5902999999999990       0.0000000000000000
 2452440.5000000000000000      11.8698000000000000       0.0913118000000000      -6.2863800000000003       0.0000000000000000
 2452441.5000000000000000      11.6060000000000000      -0.0352796000000000      13.1235000000000000       0.0000000000000000
 2452442.5000000000000000      11.8698000000000000       0.1618710000000000       5.9460600000000001       0.0000000000000000
 2452443.5000000000000000      11.6060000000000000       7.1835599999999999      11.4268000000000000       0.0000000000000000
 2452444.5000000000000000      11.8698000000000000      -1.1600800000000000       4.6281299999999996       0.0000000000000000
 2452445.5000000000000000      11.8698000000000000      -3.9619399999999998      -0.3590220000000000       0.0000000000000000
 2452446.5000000000000000      11.8698000000000000       0.0684839000000000       5.5232500000000000       0.0000000000000000
 2452447.5000000000000000      11.6940000000000010      -0.0809355000000000      11.6790000000000000       0.0000000000000000
 2452448.5000000000000000      11.5181000000000000      11.3881000000000000      -9.1771499999999993       0.0000000000000000
 2452449.5000000000000000      11.6940000000000010      -0.0228280000000000      11.1095000000000010       0.0000000000000000
 2452450.5000000000000000      11.7819000000000000       3.2394900000000000       9.4436099999999996       0.0000000000000000
 2452451.5000000000000000      11.7819000000000000      -1.3904300000000001       6.7359999999999998       0.0000000000000000
 2452452.5000000000000000      11.8698000000000000      -0.0435806000000000      -4.5146899999999999       0.0000000000000000
 2452453.5000000000000000      11.6940000000000010       0.1037630000000000       9.9236299999999993       0.0000000000000000
 2452454.5000000000000000      11.4301999999999990       0.1494190000000000      17.3384000000000000       0.0000000000000000
 2452455.5000000000000000      11.6940000000000010      -0.0207527000000000       9.4476800000000001       0.0000000000000000
 2452456.5000000000000000      11.7819000000000000       0.0020752700000000       8.7764600000000002       0.0000000000000000
 2452457.5000000000000000      11.7819000000000000      -0.0186774000000000       8.8720499999999998       0.0000000000000000
 2452458.5000000000000000      11.2544000000000000       0.0062258100000000     -19.6050000000000000       0.0000000000000000
 2452459.5000000000000000      11.7819000000000000      -0.0166022000000000       8.3045700000000000       0.0000000000000000
 2452460.5000000000000000      11.6940000000000010      -0.0477312000000000     -10.2083999999999990       0.0000000000000000
 2452461.5000000000000000      11.7819000000000000      -0.0145269000000000       7.7136199999999997       0.0000000000000000
 2452462.5000000000000000      11.8698000000000000      -0.0311290000000000       1.5771999999999999       0.0000000000000000
 2452463.5000000000000000      11.7819000000000000      -0.0124516000000000       7.1093099999999998       0.0000000000000000
 2452464.5000000000000000      11.6940000000000010       0.0020752700000000      11.3251000000000010       0.0000000000000000
 2452465.5000000000000000      11.7819000000000000      -0.0103763000000000       6.5029399999999997       0.0000000000000000
 2452466.5000000000000000      11.3423000000000000      -0.0062258100000000     -17.4618000000000000       0.0000000000000000
 2452467.5000000000000000      11.7819000000000000      -0.0083010800000000       5.8986200000000002       0.0000000000000000
 2452468.5000000000000000      11.6940000000000010       0.1348920000000000      10.6762000000000000       0.0000000000000000
 2452469.5000000000000000      11.7819000000000000      -0.0041505400000000       5.2757500000000004       0.0000000000000000
 2452470.5000000000000000      11.7819000000000000       0.1265910000000000       8.8089999999999993       0.0000000000000000
 2452471.5000000000000000      11.7819000000000000      -0.0020752700000000       4.6508099999999999       0.0000000000000000
 2452472.5000000000000000      11.8698000000000000       0.0850860000000000      -2.4654199999999999       0.0000000000000000
 2452473.5000000000000000      11.7819000000000000      -0.0062258100000000       3.9701900000000001       0.0000000000000000
 2452474.5000000000000000      11.8698000000000000      -0.0269785000000000      -0.3776990000000000       0.0000000000000000
 2452475.5000000000000000      11.7819000000000000      -0.0145269000000000       3.3328799999999998       0.0000000000000000
 2452476.5000000000000000      11.7819000000000000      -0.0311290000000000      -4.9457500000000003       0.0000000000000000
 2452477.5000000000000000      11.7819000000000000      -0.2324300000000000       2.6937000000000002       0.0000000000000000
 2452478.5000000000000000      11.7819000000000000       0.0332043000000000      -8.0116700000000005       0.0000000000000000
 2452479.5000000000000000      11.8698000000000000      -0.0186774000000000       2.0648900000000001       0.0000000000000000
 2452480.5000000000000000      11.8698000000000000       0.0726344000000000       0.6018280000000000       0.0000000000000000
 2452481.5000000000000000      11.8698000000000000      -0.0228280000000000       1.4236300000000000       0.0000000000000000
 2452482.5000000000000000      11.6940000000000010       0.0311290000000000      10.2449999999999990       0.0000000000000000
 2452483.5000000000000000      11.8698000000000000      -0.0269785000000000       0.7803010000000000       0.0000000000000000
 2452484.5000000000000000      11.7819000000000000      -0.0249032000000000      -5.1602499999999996       0.0000000000000000
 2452485.5000000000000000      11.8698000000000000      -0.0290538000000000       0.1390430000000000       0.0000000000000000
 2452486.5000000000000000      11.7819000000000000       0.0477312000000000       9.3114000000000008       0.0000000000000000
 2452487.5000000000000000      11.8698000000000000      -0.0332043000000000      -0.4980650000000000       0.0000000000000000
 2452488.5000000000000000      11.6940000000000010       0.0435806000000000      11.8519000000000010       0.0000000000000000
 2452489.5000000000000000      11.8698000000000000      -0.0373548000000000      -1.1476200000000001       0.0000000000000000
 2452490.5000000000000000      11.7819000000000000       0.0062258100000000       9.0591799999999996       0.0000000000000000
 2452491.5000000000000000      11.8698000000000000      -0.0394301000000000      -1.7930299999999999       0.0000000000000000
 2452492.5000000000000000      11.6940000000000010       0.0083010800000000      10.3915000000000010       0.0000000000000000
 2452493.5000000000000000      11.7819000000000000      -0.0415054000000000      -2.4218400000000000       0.0000000000000000
 2452494.5000000000000000      11.5181000000000000      -0.0186774000000000     -15.3457000000000010       0.0000000000000000
 2452495.5000000000000000      11.7819000000000000      -0.0456559000000000      -3.0672500000000000       0.0000000000000000
 2452496.5000000000000000      11.6940000000000010      -3.4532500000000002      10.9650000000000000       0.0000000000000000
 2452497.5000000000000000      11.7819000000000000      -0.0498065000000000      -3.7061899999999999       0.0000000000000000
 2452498.5000000000000000      11.7819000000000000       0.1763980000000000       7.8225100000000003       0.0000000000000000
 2452499.5000000000000000      11.7819000000000000      -0.0518817000000000      -4.3311200000000003       0.0000000000000000
 2452500.5000000000000000      11.2544000000000000      -0.0477312000000000     -19.5793000000000000       0.0000000000000000
 2452501.5000000000000000       6.2430199999999996      -0.0830108000000000      -4.8673700000000002       1.0000000000000000
 2452502.5000000000000000      11.5181000000000000      -0.0249032000000000     -14.7072000000000000       0.0000000000000000
 2452503.5000000000000000       0.0000000000000000     -49.9620000000000030     -49.9609999999999990       1.0000000000000000
 2452504.5000000000000000      11.8698000000000000      -0.0083010800000000       2.1499799999999998       0.0000000000000000
 2452505.5000000000000000       0.0000000000000000     -49.9620000000000030     -49.9609999999999990       1.0000000000000000
 2452506.5000000000000000      11.8698000000000000       0.1141400000000000      -7.1216900000000001       0.0000000000000000
 2452507.5000000000000000      10.5510000000000000       0.0166022000000000      -6.8123100000000001       1.0000000000000000
 2452508.5000000000000000      11.8698000000000000       0.0083010800000000      -7.4269400000000001       0.0000000000000000
 2452509.5000000000000000      11.4301999999999990       0.0435806000000000      -7.4331300000000002       1.0000000000000000
 2452510.5000000000000000      11.5181000000000000      -0.1224410000000000     -16.1945000000000010       0.0000000000000000
 2452511.5000000000000000      11.8698000000000000      -0.0290538000000000      -8.0401500000000006       0.0000000000000000
 2452512.5000000000000000      11.7819000000000000      -0.0166022000000000      11.6708000000000000       0.0000000000000000
 2452513.5000000000000000      11.9577000000000010      -0.2116770000000000      -8.6259399999999999       0.0000000000000000
 2452514.5000000000000000      11.7819000000000000      -1.3115699999999999      -8.7805199999999992       0.0000000000000000
 2452515.5000000000000000      11.8698000000000000      -1.1227199999999999      -9.2178299999999993       0.0000000000000000
 2452516.5000000000000000      11.7819000000000000      -1.1227199999999999      -9.2747899999999994       0.0000000000000000
 2452517.5000000000000000      11.7819000000000000      -1.0106599999999999      -9.8015899999999991       0.0000000000000000
 2452518.5000000000000000      11.7819000000000000      -1.0127299999999999      -9.9744799999999998       0.0000000000000000
 2452519.5000000000000000      11.7819000000000000      -0.8944410000000000     -10.3731000000000010       0.0000000000000000
 2452520.5000000000000000      11.7819000000000000      -0.8965160000000000     -10.5379000000000000       0.0000000000000000
 2452521.5000000000000000      11.7819000000000000      -0.7242690000000001     -10.9324999999999990       0.0000000000000000
 2452522.5000000000000000      11.9577000000000010       0.0352796000000000      -5.7769399999999997       0.0000000000000000
 2452523.5000000000000000      11.7819000000000000       0.2013010000000000     -11.4796000000000000       0.0000000000000000
 2452524.5000000000000000      11.9577000000000010      -0.0083010800000000      -5.0963099999999999       0.0000000000000000
 2452525.5000000000000000      11.7819000000000000       0.0290538000000000     -12.0162000000000000       0.0000000000000000
 2452526.5000000000000000      11.9577000000000010      -0.0601828000000000      -6.6473100000000001       0.0000000000000000
 2452527.5000000000000000      11.6940000000000010       0.2469570000000000     -12.5853000000000000       0.0000000000000000
 2452528.5000000000000000      11.0785000000000000      18.6920000000000000     -15.3399000000000000       0.0000000000000000
 2452529.5000000000000000      11.6940000000000010       0.1514950000000000     -13.0830000000000000       0.0000000000000000
 2452530.5000000000000000      11.6060000000000000       0.1224410000000000     -15.6312000000000000       0.0000000000000000
 2452531.5000000000000000      11.6940000000000010       0.1245160000000000     -13.5730000000000000       0.0000000000000000
 2452532.5000000000000000      12.0456000000000000       0.0186774000000000       1.4443900000000001       0.0000000000000000
 2452533.5000000000000000      11.6940000000000010       0.0705591000000000     -14.0474999999999990       0.0000000000000000
 2452534.5000000000000000      11.7819000000000000       0.0996129000000000      14.0263000000000010       0.0000000000000000
 2452535.5000000000000000      11.6940000000000010       0.0352796000000000     -14.5027000000000010       0.0000000000000000
 2452536.5000000000000000      12.0456000000000000      -0.0518817000000000      -1.2036600000000000       0.0000000000000000
 2452537.5000000000000000      11.6940000000000010       0.0020752700000000     -14.9464000000000010       0.0000000000000000
 2452538.5000000000000000      12.0456000000000000      -0.0083010800000000      -3.5279600000000002       0.0000000000000000
 2452539.5000000000000000      11.6940000000000010       0.0352796000000000     -15.3843000000000000       0.0000000000000000
 2452540.5000000000000000      11.9577000000000010       0.0145269000000000       7.0164999999999997       0.0000000000000000
 2452541.5000000000000000      11.6940000000000010       0.0186774000000000     -15.8028999999999990       0.0000000000000000
 2452542.5000000000000000      12.0456000000000000      -0.1743230000000000      -1.3862800000000000       0.0000000000000000
 2452543.5000000000000000      11.6940000000000010      -0.0083010800000000     -16.2022000000000010       0.0000000000000000
 2452544.5000000000000000      11.7819000000000000       0.0186774000000000      14.2288000000000000       0.0000000000000000
 2452545.5000000000000000      11.6060000000000000      -0.0975376000000000     -16.5860999999999980       0.0000000000000000
 2452546.5000000000000000      11.7819000000000000       0.1971510000000000      14.7863000000000010       0.0000000000000000
 2452547.5000000000000000      11.6060000000000000                      NaN                      NaN       0.0000000000000000
 2452548.5000000000000000      11.9577000000000010                      NaN                      NaN       0.0000000000000000
 2452549.5000000000000000      11.6060000000000000                      NaN                      NaN       0.0000000000000000
 2452550.5000000000000000      11.7819000000000000                      NaN                      NaN       0.0000000000000000
 2452551.5000000000000000      11.6060000000000000                      NaN                      NaN       0.0000000000000000
 2452552.5000000000000000      11.5181000000000000                      NaN                      NaN       0.0000000000000000
 2452553.5000000000000000      11.6060000000000000                      NaN                      NaN       0.0000000000000000
 2452554.5000000000000000      11.9577000000000010                      NaN                      NaN       0.0000000000000000
 2452555.5000000000000000      11.6060000000000000                      NaN                      NaN       0.0000000000000000
 2452556.5000000000000000      11.7819000000000000                      NaN                      NaN       0.0000000000000000
 2452557.5000000000000000      11.6060000000000000                      NaN                      NaN       0.0000000000000000
 2452558.5000000000000000      11.8698000000000000                      NaN                      NaN       0.0000000000000000
 2452559.5000000000000000      11.6060000000000000                      NaN                      NaN       0.0000000000000000
 2452560.5000000000000000      12.1335999999999990                      NaN                      NaN       0.0000000000000000
 2452561.5000000000000000      11.6060000000000000                      NaN                      NaN       0.0000000000000000
 2452562.5000000000000000      11.6060000000000000                      NaN                      NaN       0.0000000000000000
 2452563.5000000000000000      11.6060000000000000                      NaN                      NaN       0.0000000000000000
 2452564.5000000000000000      11.7819000000000000                      NaN                      NaN       0.0000000000000000
 2452565.5000000000000000      11.6060000000000000                      NaN                      NaN       0.0000000000000000
 2452566.5000000000000000      11.8698000000000000                      NaN                      NaN       0.0000000000000000
 2452567.5000000000000000      11.6060000000000000                      NaN                      NaN       0.0000000000000000
 2452568.5000000000000000      11.9577000000000010                      NaN                      NaN       0.0000000000000000
 2452569.5000000000000000      11.6060000000000000                      NaN                      NaN       0.0000000000000000
 2452570.5000000000000000      11.9577000000000010                      NaN                      NaN       0.0000000000000000
 2452571.5000000000000000      11.6060000000000000                      NaN                      NaN       0.0000000000000000
 2452572.5000000000000000      12.0456000000000000                      NaN                      NaN       0.0000000000000000
 2452573.5000000000000000      11.7819000000000000                      NaN                      NaN       0.0000000000000000
 2452574.5000000000000000      12.1335999999999990                      NaN                      NaN       0.0000000000000000
 2452575.5000000000000000      11.6060000000000000                      NaN                      NaN       0.0000000000000000
 2452576.5000000000000000      12.0456000000000000                      NaN                      NaN       0.0000000000000000
 2452577.5000000000000000      11.6940000000000010                      NaN                      NaN       0.0000000000000000
 2452578.5000000000000000      11.8698000000000000                      NaN                      NaN       0.0000000000000000
 2452579.5000000000000000      11.6940000000000010                      NaN                      NaN       0.0000000000000000
 2452580.5000000000000000      12.2215000000000010                      NaN                      NaN       0.0000000000000000
 2452581.5000000000000000      12.0456000000000000                      NaN                      NaN       0.0000000000000000
 2452582.5000000000000000      11.8698000000000000                      NaN                      NaN       0.0000000000000000
 2452583.5000000000000000      11.9577000000000010                      NaN                      NaN       0.0000000000000000
 2452584.5000000000000000      12.1335999999999990                      NaN                      NaN       0.0000000000000000
 2452585.5000000000000000      11.9577000000000010                      NaN                      NaN       0.0000000000000000
 2452586.5000000000000000      12.0456000000000000                      NaN                      NaN       0.0000000000000000
 2452587.5000000000000000      12.0456000000000000                      NaN                      NaN       0.0000000000000000
 2452588.5000000000000000      12.2215000000000010                      NaN                      NaN       0.0000000000000000
 2452589.5000000000000000      12.1335999999999990                      NaN                      NaN       0.0000000000000000
 2452590.5000000000000000      11.7819000000000000                      NaN                      NaN       0.0000000000000000
 2452591.5000000000000000      12.2215000000000010                      NaN                      NaN       0.0000000000000000
 2452592.5000000000000000      12.1335999999999990                      NaN                      NaN       0.0000000000000000
 2452593.5000000000000000      12.1335999999999990                      NaN                      NaN       0.0000000000000000
 2452594.5000000000000000      12.2215000000000010                      NaN                      NaN       0.0000000000000000
 2452595.5000000000000000      12.2215000000000010                      NaN                      NaN       0.0000000000000000
 2452596.5000000000000000      12.2215000000000010                      NaN                      NaN       0.0000000000000000
 2452597.5000000000000000      12.2215000000000010                      NaN                      NaN       0.0000000000000000
 2452598.5000000000000000      12.3094000000000000                      NaN                      NaN       0.0000000000000000
 2452599.5000000000000000      12.2215000000000010                      NaN                      NaN       0.0000000000000000
 2452600.5000000000000000      12.3094000000000000                      NaN                      NaN       0.0000000000000000
 2452601.5000000000000000      12.3094000000000000                      NaN                      NaN       0.0000000000000000
 2452602.5000000000000000      12.2215000000000010                      NaN                      NaN       0.0000000000000000
 2452603.5000000000000000      12.3094000000000000                      NaN                      NaN       0.0000000000000000
 2452604.5000000000000000      11.8698000000000000                      NaN                      NaN       0.0000000000000000
 2452605.5000000000000000      12.0456000000000000                      NaN                      NaN       0.0000000000000000
 2452606.5000000000000000      11.9577000000000010                      NaN                      NaN       0.0000000000000000
 2452607.5000000000000000      12.0456000000000000                      NaN                      NaN       0.0000000000000000
 2452608.5000000000000000      11.9577000000000010                      NaN                      NaN       0.0000000000000000
 2452609.5000000000000000      12.2215000000000010                      NaN                      NaN       0.0000000000000000
 2452610.5000000000000000      11.9577000000000010                      NaN                      NaN       0.0000000000000000
 2452611.5000000000000000      12.2215000000000010                      NaN                      NaN       0.0000000000000000
 2452612.5000000000000000      11.8698000000000000                      NaN                      NaN       0.0000000000000000
 2452613.5000000000000000      12.1335999999999990                      NaN                      NaN       0.0000000000000000
 2452614.5000000000000000      11.7819000000000000                      NaN                      NaN       0.0000000000000000
 2452615.5000000000000000      12.0456000000000000                      NaN                      NaN       0.0000000000000000
 2452616.5000000000000000      12.1335999999999990                      NaN                      NaN       0.0000000000000000
 2452617.5000000000000000      12.0456000000000000                      NaN                      NaN       0.0000000000000000
 2452618.5000000000000000      12.0456000000000000                      NaN                      NaN       0.0000000000000000
 2452619.5000000000000000      11.8698000000000000                      NaN                      NaN       0.0000000000000000
 2452620.5000000000000000      12.3094000000000000                      NaN                      NaN       0.0000000000000000
 2452621.5000000000000000      11.6940000000000010                      NaN                      NaN       0.0000000000000000
 2452622.5000000000000000      11.9577000000000010                      NaN                      NaN       0.0000000000000000
 2452623.5000000000000000      11.9577000000000010                      NaN                      NaN       0.0000000000000000
 2452624.5000000000000000      12.2215000000000010                      NaN                      NaN       0.0000000000000000
 2452625.5000000000000000      12.2215000000000010                      NaN                      NaN       0.0000000000000000
 2452626.5000000000000000      12.1335999999999990                      NaN                      NaN       0.0000000000000000
 2452627.5000000000000000      12.2215000000000010                      NaN                      NaN       0.0000000000000000
 2452628.5000000000000000      12.2215000000000010                      NaN                      NaN       0.0000000000000000
 2452629.5000000000000000      12.2215000000000010                      NaN                      NaN       0.0000000000000000
 2452630.5000000000000000      11.9577000000000010                      NaN                      NaN       0.0000000000000000
 2452631.5000000000000000      11.9577000000000010                      NaN                      NaN       0.0000000000000000
 2452632.5000000000000000      12.0456000000000000                      NaN                      NaN       0.0000000000000000
 2452633.5000000000000000      11.8698000000000000                      NaN                      NaN       0.0000000000000000
 2452634.5000000000000000      11.9577000000000010                      NaN                      NaN       0.0000000000000000
 2452635.5000000000000000      12.3094000000000000                      NaN                      NaN       0.0000000000000000
 2452636.5000000000000000      12.2215000000000010                      NaN                      NaN       0.0000000000000000
 2452637.5000000000000000      11.9577000000000010                      NaN                      NaN       0.0000000000000000
 2452638.5000000000000000      12.3094000000000000                      NaN                      NaN       0.0000000000000000
 2452639.5000000000000000      12.2215000000000010                      NaN                      NaN       0.0000000000000000
