Time P3114 A5334 A5335 A5016
 2454101.5000200002000000      11.3423000000000000      -0.4316560000000000     -14.2905000000000000       0.0000000000000000
 2454102.5000200002000000      11.3423000000000000       0.1535700000000000     -13.7754999999999990       0.0000000000000000
 2454103.5000200002000000      11.4301999999999990      -0.4192040000000000     -13.0000000000000000       0.0000000000000000
 2454104.5000200002000000      11.4301999999999990       0.1618710000000000     -12.4156000000000000       0.0000000000000000
 2454105.5000200002000000      11.4301999999999990      -0.3984520000000000     -11.3718000000000000       0.0000000000000000
 2454106.5000200002000000      11.4301999999999990      -2.0420600000000002      -9.7710799999999995       0.0000000000000000
 2454107.5000200002000000      11.3423000000000000       0.1120650000000000     -13.1274000000000000       0.0000000000000000
 2454108.5000200002000000      11.6060000000000000      -0.0373548000000000       0.4897630000000000       0.0000000000000000
 2454109.5000200002000000      11.4301999999999990       0.1141400000000000     -10.8491000000000000       0.0000000000000000
 2454110.5000200002000000      11.4301999999999990      -0.1784730000000000      -9.5249699999999997       0.0000000000000000
 2454111.5000200002000000      11.5181000000000000       0.1141400000000000      -9.4558099999999996       0.0000000000000000
 2454112.5000200002000000      11.2544000000000000       0.0103763000000000     -16.4316999999999990       0.0000000000000000
 2454113.5000200002000000      11.3423000000000000       0.6993660000000000      16.1712999999999990       0.0000000000000000
 2454114.5000200002000000      11.5181000000000000       1.1164900000000000      -6.4204400000000001       0.0000000000000000
 2454115.5000200002000000      11.6060000000000000      -0.5208930000000001      -3.2021400000000000       0.0000000000000000
 2454116.5000200002000000      10.8148000000000000     -18.4333999999999990      17.3113999999999990       0.0000000000000000
 2454117.5000200002000000      11.6060000000000000       0.6744620000000000       3.3598599999999998       0.0000000000000000
 2454118.5000200002000000      11.6060000000000000      -0.3424190000000000       3.3723100000000001       0.0000000000000000
 2454119.5000200002000000      10.9906000000000010     -17.0977000000000000      14.3330000000000000       0.0000000000000000
 2454120.5000200002000000      10.9906000000000010     -16.6496000000000000      13.3394999999999990       0.0000000000000000
 2454121.5000200002000000      11.5181000000000000       0.3175160000000000       6.1502499999999998       0.0000000000000000
 2454122.5000200002000000      11.0785000000000000     -15.7672000000000010      11.4024000000000000       0.0000000000000000
 2454123.5000200002000000      11.5181000000000000      -0.4503330000000000       6.9773100000000001       0.0000000000000000
 2454124.5000200002000000      11.1663999999999990     -14.9062000000000000       9.4314000000000000       0.0000000000000000
 2454125.5000200002000000      11.1663999999999990      -0.0622581000000000      19.4693000000000000       0.0000000000000000
 2454126.5000200002000000      11.2544000000000000     -14.0588000000000000       7.4929399999999999       0.0000000000000000
 2454127.5000200002000000      11.5181000000000000       0.1743230000000000      -8.8883299999999998       0.0000000000000000
 2454128.5000200002000000      11.5181000000000000      -0.3797740000000000       2.3595799999999998       0.0000000000000000
 2454129.5000200002000000      11.5181000000000000       0.3963760000000000      -7.4516900000000001       0.0000000000000000
 2454130.5000200002000000      11.5181000000000000      -0.1763980000000000       4.9911300000000001       0.0000000000000000
 2454131.5000200002000000      11.5181000000000000       0.1701720000000000      -5.1148699999999998       0.0000000000000000
 2454132.5000200002000000      11.5181000000000000       0.3714730000000000       1.9113199999999999       0.0000000000000000
 2454133.5000200002000000      11.5181000000000000       0.1224410000000000      -7.3238099999999999       0.0000000000000000
 2454134.5000200002000000      11.5181000000000000       0.3901510000000000       4.1269400000000003       0.0000000000000000
 2454135.5000200002000000      11.4301999999999990     -10.3450000000000010      -1.0583899999999999       0.0000000000000000
 2454136.5000200002000000      11.4301999999999990      -9.9398900000000001      -1.9922599999999999       0.0000000000000000
 2454137.5000200002000000      11.2544000000000000       0.1639460000000000     -15.6891000000000000       0.0000000000000000
 2454138.5000200002000000      11.1663999999999990      -0.4503330000000000     -17.3152000000000010       0.0000000000000000
 2454139.5000200002000000      11.2544000000000000       0.1348920000000000      15.9109000000000000       0.0000000000000000
 2454140.5000200002000000      11.5181000000000000      -3.8691200000000001      -3.1668599999999998       0.0000000000000000
 2454141.5000200002000000      11.1663999999999990       0.3880750000000000      18.9505000000000020       0.0000000000000000
 2454142.5000200002000000      11.5181000000000000      -0.2760110000000000       4.4548699999999997       0.0000000000000000
 2454143.5000200002000000      11.2544000000000000      -0.0684839000000000     -15.6949000000000010       0.0000000000000000
 2454144.5000200002000000      11.3423000000000000      -0.1701720000000000      14.2654999999999990       0.0000000000000000
 2454145.5000200002000000      11.2544000000000000       0.3548710000000000      15.1277000000000010       0.0000000000000000
 2454146.5000200002000000      11.3423000000000000       0.5623980000000000     -10.5459999999999990       0.0000000000000000
 2454147.5000200002000000      11.2544000000000000       0.4171290000000000      16.8773000000000020       0.0000000000000000
 2454148.5000200002000000      11.3423000000000000       0.5727740000000000     -10.2571999999999990       0.0000000000000000
 2454149.5000200002000000      11.1663999999999990       0.3693980000000000      17.5833000000000010       0.0000000000000000
 2454150.5000200002000000      11.1663999999999990      -4.0588800000000003     -14.8287000000000000       0.0000000000000000
 2454151.5000200002000000      11.0785000000000000      -0.3195910000000000     -18.4170000000000020       0.0000000000000000
 2454152.5000200002000000      11.5181000000000000       0.5790000000000000      -1.3323199999999999       0.0000000000000000
 2454153.5000200002000000      11.3423000000000000       0.2428060000000000      12.2516000000000000       0.0000000000000000
 2454154.5000200002000000      11.5181000000000000       0.5852260000000000      -1.6498400000000000       0.0000000000000000
 2454155.5000200002000000      11.3423000000000000      -2.7227500000000000      11.3149000000000000       0.0000000000000000
 2454156.5000200002000000      11.5181000000000000      -0.2822370000000000       1.4506100000000000       0.0000000000000000
 2454157.5000200002000000      11.4301999999999990      -0.2677100000000000      -8.8578200000000002       0.0000000000000000
 2454158.5000200002000000      11.3423000000000000      -0.2033760000000000     -11.2620000000000000       0.0000000000000000
 2454159.5000200002000000      11.1663999999999990       4.2403800000000000      17.4695000000000000       0.0000000000000000
 2454160.5000200002000000      11.1663999999999990       3.9908100000000002      16.4877000000000000       0.0000000000000000
 2454161.5000200002000000      11.0785000000000000       0.1452690000000000      19.2493000000000020       0.0000000000000000
 2454162.5000200002000000      11.4301999999999990      -0.1099890000000000       6.6761900000000001       0.0000000000000000
 2454163.5000200002000000      11.2544000000000000       3.2270400000000001      13.5614000000000010       0.0000000000000000
 2454164.5000200002000000      11.3423000000000000      -0.0498065000000000      -9.2890200000000007       0.0000000000000000
 2454165.5000200002000000      11.1663999999999990       0.1079140000000000      16.2273000000000000       0.0000000000000000
 2454166.5000200002000000      11.4301999999999990      -0.0747097000000000       4.4734400000000001       0.0000000000000000
 2454167.5000200002000000      11.4301999999999990      -4.1413799999999998       0.4378820000000000       0.0000000000000000
 2454168.5000200002000000      11.4301999999999990       0.3133660000000000      -2.1665800000000002       0.0000000000000000
 2454169.5000200002000000      11.3423000000000000       0.2013010000000000      11.3881000000000000       0.0000000000000000
 2454170.5000200002000000      11.3423000000000000       0.0705591000000000       9.3439399999999999       0.0000000000000000
 2454171.5000200002000000      10.9906000000000010       0.4773120000000000      19.0238000000000010       0.0000000000000000
 2454172.5000200002000000      11.4301999999999990       0.6288060000000000      -4.2898800000000001       0.0000000000000000
 2454173.5000200002000000      11.0785000000000000       0.2448820000000000      16.8291000000000000       0.0000000000000000
 2454174.5000200002000000      11.4301999999999990       0.6350320000000000      -4.5600600000000000       0.0000000000000000
 2454175.5000200002000000      10.9026999999999990       0.3299680000000000     -19.5500000000000010       0.0000000000000000
 2454176.5000200002000000      11.3423000000000000       0.6391830000000000      -4.8240600000000002       0.0000000000000000
 2454177.5000200002000000      11.1663999999999990       0.0020752700000000      14.3831000000000010       0.0000000000000000
 2454178.5000200002000000      11.1663999999999990       0.1556450000000000      13.3665000000000000       0.0000000000000000
 2454179.5000200002000000      11.2544000000000000      -0.0145269000000000      13.1582000000000010       0.0000000000000000
 2454180.5000200002000000      11.3423000000000000       0.6495590000000000      -5.3417500000000002       0.0000000000000000
 2454181.5000200002000000      11.4301999999999990       0.1431940000000000      -1.8552900000000001       0.0000000000000000
 2454182.5000200002000000      11.1663999999999990       0.5208930000000001     -12.6142000000000000       0.0000000000000000
 2454183.5000200002000000      11.2544000000000000      -0.0103763000000000     -10.5664000000000000       0.0000000000000000
 2454184.5000200002000000      11.1663999999999990      -0.4150540000000000     -12.6450999999999990       0.0000000000000000
 2454185.5000200002000000      10.9026999999999990       0.0518817000000000     -18.2318000000000000       0.0000000000000000
 2454186.5000200002000000      10.9026999999999990      -0.2718600000000000     -19.1228000000000020       0.0000000000000000
 2454187.5000200002000000      11.0785000000000000      -0.2490320000000000     -14.2982999999999990       0.0000000000000000
 2454188.5000200002000000      11.0785000000000000      -0.4835380000000000      14.5817999999999990       0.0000000000000000
 2454189.5000200002000000      11.1663999999999990       0.0332043000000000     -12.9807000000000010       0.0000000000000000
 2454190.5000200002000000      10.9026999999999990      -0.0747097000000000      19.4693000000000000       0.0000000000000000
 2454191.5000200002000000      11.0785000000000000       0.0000000000000000     -14.9117000000000000       0.0000000000000000
 2454192.5000200002000000      11.3423000000000000      -0.4254300000000000      -2.1063999999999998       0.0000000000000000
 2454193.5000200002000000      10.9906000000000010      -0.0103763000000000     -16.8773000000000020       0.0000000000000000
 2454194.5000200002000000      11.3423000000000000      -0.4337310000000000      -3.5902099999999999       0.0000000000000000
 2454195.5000200002000000      11.3423000000000000       0.3237420000000000      -0.5706990000000000       0.0000000000000000
 2454196.5000200002000000      11.1663999999999990       0.3320430000000000     -12.1995000000000000       0.0000000000000000
 2454197.5000200002000000      11.2544000000000000       0.5437200000000000      -7.9038700000000004       0.0000000000000000
 2454198.5000200002000000      11.2544000000000000       0.3071400000000000      -6.9587500000000002       0.0000000000000000
 2454199.5000200002000000      10.9906000000000010       0.2054520000000000     -14.7882000000000000       0.0000000000000000
 2454200.5000200002000000      11.0785000000000000       0.4980650000000000     -12.4445000000000000       0.0000000000000000
 2454201.5000200002000000      11.2544000000000000       0.2677100000000000       7.9079400000000000       0.0000000000000000
 2454202.5000200002000000      11.0785000000000000       0.4607100000000000     -12.4194000000000000       0.0000000000000000
 2454203.5000200002000000      10.8148000000000000      -0.1307420000000000     -18.0447999999999990       0.0000000000000000
 2454204.5000200002000000      10.8148000000000000       0.1058390000000000     -17.9238000000000000       0.0000000000000000
 2454205.5000200002000000      10.9026999999999990      -0.1411180000000000     -16.1077000000000010       0.0000000000000000
 2454206.5000200002000000      11.2544000000000000       0.3943010000000000      -0.6205050000000000       0.0000000000000000
 2454207.5000200002000000      11.1663999999999990      -0.0788602000000000       8.2333800000000004       0.0000000000000000
 2454208.5000200002000000      11.1663999999999990       0.1639460000000000      -9.9500700000000002       0.0000000000000000
 2454209.5000200002000000      11.2544000000000000       0.2096020000000000       3.2291200000000000       0.0000000000000000
 2454210.5000200002000000      10.8148000000000000      -0.2718600000000000     -17.7955000000000010       0.0000000000000000
 2454211.5000200002000000      11.2544000000000000      -0.1058390000000000       4.7415599999999998       0.0000000000000000
 2454212.5000200002000000      10.8148000000000000       0.1286670000000000      19.0862000000000020       0.0000000000000000
 2454213.5000200002000000      11.2544000000000000      -0.1079140000000000       4.5827499999999999       0.0000000000000000
 2454214.5000200002000000      10.8148000000000000       0.6869140000000000      18.4372000000000010       0.0000000000000000
 2454215.5000200002000000      11.1663999999999990       0.3092150000000000       9.9765200000000007       0.0000000000000000
 2454216.5000200002000000      10.8148000000000000      -0.7097420000000000     -17.5100000000000020       0.0000000000000000
 2454217.5000200002000000      10.7269000000000010      -0.0892366000000000     -18.9615000000000010       0.0000000000000000
 2454218.5000200002000000      11.1663999999999990       0.6350320000000000       7.5156299999999998       0.0000000000000000
 2454219.5000200002000000      11.0785000000000000      -0.0767849000000000      10.6050000000000000       0.0000000000000000
 2454220.5000200002000000      10.8148000000000000      -0.3403440000000000      17.7203000000000020       0.0000000000000000
 2454221.5000200002000000      10.7269000000000010      14.5471000000000000     -11.2883999999999990       0.0000000000000000
 2454222.5000200002000000      10.8148000000000000      13.7234000000000000     -10.7657000000000010       0.0000000000000000
 2454223.5000200002000000      11.0785000000000000       0.0415054000000000       9.3378399999999999       0.0000000000000000
 2454224.5000200002000000      10.8148000000000000      -0.5354190000000000      17.1801999999999990       0.0000000000000000
 2454225.5000200002000000      10.8148000000000000      -0.0498065000000000     -16.1617000000000000       0.0000000000000000
 2454226.5000200002000000      11.1663999999999990       0.3444950000000000       2.7103000000000002       0.0000000000000000
 2454227.5000200002000000      10.9906000000000010       0.1514950000000000      11.8927999999999990       0.0000000000000000
 2454228.5000200002000000      10.7269000000000010      -0.1058390000000000      19.2547999999999990       0.0000000000000000
 2454229.5000200002000000      10.7269000000000010      -0.0747097000000000      18.1053000000000000       0.0000000000000000
 2454230.5000200002000000      10.9906000000000010       4.3105000000000002     -10.0314000000000000       0.0000000000000000
 2454231.5000200002000000      10.6389000000000000      18.9340000000000010      -5.1396300000000004       0.0000000000000000
 2454232.5000200002000000      10.7269000000000010      18.0320000000000000      -4.3208099999999998       0.0000000000000000
 2454233.5000200002000000      11.1663999999999990       0.1909250000000000      -0.6993660000000000       0.0000000000000000
 2454234.5000200002000000      11.1663999999999990      -0.7512470000000000       0.7491720000000000       0.0000000000000000
 2454235.5000200002000000      11.1663999999999990      -1.2389399999999999      -3.0859200000000002       0.0000000000000000
 2454236.5000200002000000      11.0785000000000000      -4.7456899999999997      -0.6288060000000000       0.0000000000000000
 2454237.5000200002000000      11.1663999999999990       0.0332043000000000       3.5632400000000000       0.0000000000000000
 2454238.5000200002000000      10.9906000000000010      -2.1645099999999999      11.6931999999999990       0.0000000000000000
 2454239.5000200002000000      11.0785000000000000      -0.0373548000000000      -5.0694999999999997       0.0000000000000000
 2454240.5000200002000000      10.7269000000000010      -0.1037630000000000      18.2171999999999980       0.0000000000000000
 2454241.5000200002000000      11.0785000000000000      -0.0435806000000000      -6.8659400000000002       0.0000000000000000
 2454242.5000200002000000      10.7269000000000010      -0.0954624000000000      17.9018000000000010       0.0000000000000000
 2454243.5000200002000000      10.7269000000000010      -0.1452690000000000      17.3633999999999990       0.0000000000000000
 2454244.5000200002000000      10.7269000000000010      -0.0975376000000000      17.6335000000000020       0.0000000000000000
 2454245.5000200002000000      10.7269000000000010       0.2241290000000000      16.9140000000000010       0.0000000000000000
 2454246.5000200002000000      10.7269000000000010      -0.0996129000000000      17.3344999999999980       0.0000000000000000
 2454247.5000200002000000      11.0785000000000000       0.0518817000000000      -7.0288700000000004       0.0000000000000000
 2454248.5000200002000000      10.7269000000000010      -0.0892366000000000      17.0162000000000010       0.0000000000000000
 2454249.5000200002000000      10.8148000000000000       0.2220540000000000      14.5683000000000010       0.0000000000000000
 2454250.5000200002000000      10.7269000000000010      -0.0705591000000000      16.6785999999999990       0.0000000000000000
 2454251.5000200002000000      10.9026999999999990      -0.0103763000000000      13.5267000000000000       0.0000000000000000
 2454252.5000200002000000      10.7269000000000010      -0.0539570000000000      16.3256000000000010       0.0000000000000000
 2454253.5000200002000000      11.0785000000000000       0.1120650000000000       3.9310000000000000       0.0000000000000000
 2454254.5000200002000000      10.7269000000000010      -0.0332043000000000      15.9514000000000000       0.0000000000000000
 2454255.5000200002000000      11.0785000000000000      -0.0145269000000000      -3.3453300000000001       0.0000000000000000
 2454256.5000200002000000      10.8148000000000000      -0.0311290000000000      15.5618000000000000       0.0000000000000000
 2454257.5000200002000000      10.5510000000000000      -8.1128800000000005     -17.5582999999999990       0.0000000000000000
 2454258.5000200002000000      10.8148000000000000      -0.0249032000000000      15.1567000000000010       0.0000000000000000
 2454259.5000200002000000      11.0785000000000000       0.0477312000000000       7.0123699999999998       0.0000000000000000
 2454260.5000200002000000      10.8148000000000000      -0.0207527000000000      14.7380999999999990       0.0000000000000000
 2454261.5000200002000000      10.9026999999999990      -0.1016880000000000     -12.5139000000000000       0.0000000000000000
 2454262.5000200002000000      10.8148000000000000      -0.0166022000000000      14.3118000000000000       0.0000000000000000
 2454263.5000200002000000      10.8148000000000000       9.8931199999999997      -8.8273100000000007       0.0000000000000000
 2454264.5000200002000000      10.8148000000000000      -0.0186774000000000      13.8642000000000000       0.0000000000000000
 2454265.5000200002000000      10.7269000000000010       0.0332043000000000     -15.1122999999999990       0.0000000000000000
 2454266.5000200002000000      10.8148000000000000      -0.0103763000000000      13.4071000000000000       0.0000000000000000
 2454267.5000200002000000      10.9906000000000010       0.1203660000000000       8.1581200000000003       0.0000000000000000
 2454268.5000200002000000      10.8148000000000000      -0.0062258100000000      12.9324999999999990       0.0000000000000000
 2454269.5000200002000000      10.6389000000000000       0.1950750000000000      18.6480000000000000       0.0000000000000000
 2454270.5000200002000000      10.9026999999999990      -0.0020752700000000      12.4541000000000000       0.0000000000000000
 2454271.5000200002000000      10.8148000000000000       0.1597960000000000      15.0833999999999990       0.0000000000000000
 2454272.5000200002000000      10.9026999999999990       0.0000000000000000      11.9642000000000000       0.0000000000000000
 2454273.5000200002000000      10.7269000000000010       0.1680970000000000      15.1837000000000000       0.0000000000000000
 2454274.5000200002000000      10.9026999999999990       0.0020752700000000      11.4390000000000000       0.0000000000000000
 2454275.5000200002000000      10.9906000000000010      -0.0145269000000000      -5.0282499999999999       0.0000000000000000
 2454276.5000200002000000      10.9026999999999990       0.0062258100000000      10.8897999999999990       0.0000000000000000
 2454277.5000200002000000      10.9026999999999990      -0.0311290000000000     -10.9711000000000000       0.0000000000000000
 2454278.5000200002000000      10.9026999999999990       0.0083010800000000      10.3486999999999990       0.0000000000000000
 2454279.5000200002000000      10.5510000000000000      -0.0415054000000000     -18.0631999999999980       0.0000000000000000
 2454280.5000200002000000      10.9026999999999990       0.0124516000000000       9.7914200000000005       0.0000000000000000
 2454281.5000200002000000      10.7269000000000010       0.1535700000000000      16.2755000000000010       0.0000000000000000
 2454282.5000200002000000      10.9026999999999990       0.0145269000000000       9.2218999999999998       0.0000000000000000
 2454283.5000200002000000      10.7269000000000010       0.1452690000000000      15.2106999999999990       0.0000000000000000
 2454284.5000200002000000      10.9906000000000010       0.0166022000000000       8.6442499999999995       0.0000000000000000
 2454285.5000200002000000      10.8148000000000000       0.1328170000000000      14.1517000000000000       0.0000000000000000
 2454286.5000200002000000      10.9906000000000010       0.0186774000000000       8.0726899999999997       0.0000000000000000
 2454287.5000200002000000      11.0785000000000000      -0.0124516000000000      -2.3097699999999999       0.0000000000000000
 2454288.5000200002000000      10.9906000000000010      -0.0228280000000000       7.4723100000000002       0.0000000000000000
 2454289.5000200002000000      10.8148000000000000      -0.0788602000000000     -12.3172000000000000       0.0000000000000000
 2454290.5000200002000000      10.9906000000000010       0.0145269000000000       6.8680000000000003       0.0000000000000000
 2454291.5000200002000000      10.7269000000000010      -0.0145269000000000     -15.3187000000000000       0.0000000000000000
 2454292.5000200002000000      10.9906000000000010       0.0103763000000000       6.2657499999999997       0.0000000000000000
 2454293.5000200002000000      10.3752000000000000     -11.8926000000000000      17.9128000000000010       0.0000000000000000
 2454294.5000200002000000      10.9906000000000010       0.0103763000000000       5.5892499999999998       0.0000000000000000
 2454295.5000200002000000      10.9026999999999990       0.0290538000000000      -9.6510800000000003       0.0000000000000000
 2454296.5000200002000000      10.9906000000000010       0.0062258100000000       4.9705000000000004       0.0000000000000000
 2454297.5000200002000000      10.7269000000000010      -0.0498065000000000     -14.7863000000000010       0.0000000000000000
 2454298.5000200002000000      11.0785000000000000       0.0041505400000000       4.3434999999999997       0.0000000000000000
 2454299.5000200002000000      10.9906000000000010       0.0601828000000000      -4.4693100000000001       0.0000000000000000
 2454300.5000200002000000      11.0785000000000000       0.0000000000000000       3.7226900000000001       0.0000000000000000
 2454301.5000200002000000      10.9906000000000010       6.2575000000000003       5.4964399999999998       0.0000000000000000
 2454302.5000200002000000      11.0785000000000000      -0.0020752700000000       3.0880000000000001       0.0000000000000000
 2454303.5000200002000000      11.0785000000000000       0.0809355000000000      -1.6830400000000001       0.0000000000000000
 2454304.5000200002000000      11.0785000000000000      -0.0062258100000000       2.4446699999999999       0.0000000000000000
 2454305.5000200002000000      11.0785000000000000       0.0705591000000000      -4.3641199999999998       0.0000000000000000
 2454306.5000200002000000      11.0785000000000000      -0.0083010800000000       1.8179399999999999       0.0000000000000000
 2454307.5000200002000000      10.8148000000000000       1.9611300000000000      14.6762999999999990       0.0000000000000000
 2454308.5000200002000000      11.0785000000000000      -0.0124516000000000       1.1766799999999999       0.0000000000000000
 2454309.5000200002000000      10.5510000000000000       2.4488200000000000     -18.5141999999999990       0.0000000000000000
 2454310.5000200002000000      11.0785000000000000      -0.0145269000000000       0.5354190000000000       0.0000000000000000
 2454311.5000200002000000      10.6389000000000000       1.0355600000000000     -17.1937000000000000       0.0000000000000000
 2454312.5000200002000000      11.0785000000000000      -0.0186774000000000      -0.1037630000000000       0.0000000000000000
 2454313.5000200002000000      10.9906000000000010       9.0083300000000008       0.1618710000000000       0.0000000000000000
 2454314.5000200002000000      11.0785000000000000      -0.0228280000000000      -0.7450220000000000       0.0000000000000000
 2454315.5000200002000000      11.0785000000000000      -0.0062258100000000       2.0171600000000001       0.0000000000000000
 2454316.5000200002000000      11.0785000000000000      -0.0269785000000000      -1.3800500000000000       0.0000000000000000
 2454317.5000200002000000      11.0785000000000000       0.0103763000000000       1.5357000000000001       0.0000000000000000
 2454318.5000200002000000      11.0785000000000000      -0.0290538000000000      -2.0296099999999999       0.0000000000000000
 2454319.5000200002000000      10.7269000000000010       0.0643333000000000      17.2380999999999990       0.0000000000000000
 2454320.5000200002000000      11.0785000000000000      -0.0311290000000000      -2.6625700000000001       0.0000000000000000
 2454321.5000200002000000      10.7269000000000010       2.0545200000000001      16.6149999999999980       0.0000000000000000
 2454322.5000200002000000      11.0785000000000000      -0.0352796000000000      -3.2996799999999999       0.0000000000000000
 2454323.5000200002000000      10.9026999999999990       0.0830108000000000      12.4040000000000000       0.0000000000000000
 2454324.5000200002000000      11.0785000000000000      -0.0394301000000000      -3.9413100000000001       0.0000000000000000
 2454325.5000200002000000      10.9026999999999990      -8.7385999999999999      -7.8021700000000003       0.0000000000000000
 2454326.5000200002000000      11.0785000000000000      -0.0415054000000000      -4.5641900000000000       0.0000000000000000
 2454327.5000200002000000      10.6389000000000000       0.0228280000000000     -18.8515000000000010       0.0000000000000000
 2454328.5000200002000000      11.0785000000000000       0.0249032000000000      -4.9354399999999998       0.0000000000000000
 2454329.5000200002000000      11.0785000000000000       0.0830108000000000       1.9154700000000000       0.0000000000000000
 2454330.5000200002000000      11.0785000000000000       0.3216670000000000      -4.1145600000000000       0.0000000000000000
 2454331.5000200002000000      10.8148000000000000      -0.1016880000000000     -14.1092000000000000       0.0000000000000000
 2454332.5000200002000000      10.8148000000000000      10.4361999999999990      -8.7866300000000006       0.0000000000000000
 2454333.5000200002000000      10.6389000000000000       0.1701720000000000      19.3777000000000010       0.0000000000000000
 2454334.5000200002000000      11.0785000000000000      -0.6640860000000000      -3.0900799999999999       0.0000000000000000
 2454335.5000200002000000      11.0785000000000000      -5.7893100000000004       3.2187399999999999       0.0000000000000000
 2454336.5000200002000000      10.9026999999999990       6.6184399999999997     -11.2864000000000000       0.0000000000000000
 2454337.5000200002000000      10.8148000000000000       0.1867740000000000     -15.1046000000000000       0.0000000000000000
 2454338.5000200002000000      11.0785000000000000      -0.3154410000000000      -8.0523500000000006       0.0000000000000000
 2454339.5000200002000000      10.8148000000000000       0.2220540000000000      16.0652000000000010       0.0000000000000000
 2454340.5000200002000000      10.9906000000000010      -0.0643333000000000      -8.8456100000000006       0.0000000000000000
 2454341.5000200002000000      10.7269000000000010       0.1618710000000000      17.7917999999999990       0.0000000000000000
 2454342.5000200002000000      10.9906000000000010      -0.8342580000000001     -10.7088000000000000       0.0000000000000000
 2454343.5000200002000000      10.9026999999999990       0.0664086000000000      13.7523000000000000       0.0000000000000000
 2454344.5000200002000000      10.9906000000000010       0.0166022000000000     -10.2857000000000000       0.0000000000000000
 2454345.5000200002000000      11.1663999999999990      -0.0705591000000000      -5.5830599999999997       0.0000000000000000
 2454346.5000200002000000      11.0785000000000000      -0.5582470000000001      -8.2415099999999999       0.0000000000000000
 2454347.5000200002000000      10.8148000000000000      -0.0269785000000000      16.6728999999999980       0.0000000000000000
 2454348.5000200002000000      11.0785000000000000      -0.5665480000000001      -9.6429399999999994       0.0000000000000000
 2454349.5000200002000000      10.9906000000000010      -0.0871613000000000     -12.7608000000000000       0.0000000000000000
 2454350.5000200002000000      10.9906000000000010      -0.5748490000000001     -11.0545000000000010       0.0000000000000000
 2454351.5000200002000000      11.1663999999999990      -0.1784730000000000       6.2327500000000002       0.0000000000000000
 2454352.5000200002000000      10.9906000000000010      -0.5852260000000000     -12.4521999999999990       0.0000000000000000
 2454353.5000200002000000      11.1663999999999990      -0.6329570000000000       3.2540200000000001       0.0000000000000000
 2454354.5000200002000000      11.1663999999999990      -0.1245160000000000      -3.5383300000000002       0.0000000000000000
 2454355.5000200002000000      11.1663999999999990       0.0083010800000000      -2.5380500000000001       0.0000000000000000
 2454356.5000200002000000      11.1663999999999990      -0.1141400000000000      -1.6228600000000000       0.0000000000000000
 2454357.5000200002000000      11.2544000000000000       0.0166022000000000      -0.6225810000000001       0.0000000000000000
 2454358.5000200002000000      11.0785000000000000       0.7387960000000000     -11.1196000000000000       0.0000000000000000
 2454359.5000200002000000      10.9906000000000010       0.1245160000000000      14.1922000000000000       0.0000000000000000
 2454360.5000200002000000      10.9026999999999990      -0.2967630000000000     -14.2731999999999990       0.0000000000000000
 2454361.5000200002000000      10.9026999999999990       0.2573330000000000      17.0914000000000000       0.0000000000000000
 2454362.5000200002000000      11.2544000000000000       0.5188170000000000      -2.1230000000000002       0.0000000000000000
 2454363.5000200002000000      11.2544000000000000      -0.0352796000000000      -2.2599700000000000       0.0000000000000000
 2454364.5000200002000000      10.9906000000000010     -11.9433000000000010      -0.7761510000000000       0.0000000000000000
 2454365.5000200002000000      11.0785000000000000     -11.9354999999999990       0.2448820000000000       0.0000000000000000
 2454366.5000200002000000      10.8148000000000000      -0.5644730000000000     -18.1437999999999990       0.0000000000000000
 2454367.5000200002000000      11.2544000000000000       0.2386560000000000       5.3747499999999997       0.0000000000000000
 2454368.5000200002000000      10.9026999999999990      -0.5706990000000000     -16.5764000000000000       0.0000000000000000
 2454369.5000200002000000      11.2544000000000000       0.2739350000000000       1.3551500000000001       0.0000000000000000
 2454370.5000200002000000      10.9906000000000010      -0.5291940000000001     -14.9078000000000000       0.0000000000000000
 2454371.5000200002000000      10.9906000000000010      -0.0249032000000000      15.9321000000000000       0.0000000000000000
 2454372.5000200002000000      11.0785000000000000      -0.5125910000000000     -13.3087000000000000       0.0000000000000000
 2454373.5000200002000000      10.7269000000000010     -11.4520000000000000      16.5995999999999990       0.0000000000000000
 2454374.5000200002000000      11.2544000000000000       0.0415054000000000       7.2495599999999998       0.0000000000000000
 2454375.5000200002000000      11.2544000000000000       0.0498065000000000       8.2699900000000000       0.0000000000000000
 2454376.5000200002000000      11.0785000000000000      -0.7242690000000001      13.2296000000000000       0.0000000000000000
 2454377.5000200002000000      11.3423000000000000      -0.0518817000000000      -0.3341180000000000       0.0000000000000000
 2454378.5000200002000000      11.2544000000000000       0.8342580000000001      -1.1829000000000001       0.0000000000000000
 2454379.5000200002000000      10.9906000000000010      12.8322000000000000      11.1095000000000010       0.0000000000000000
 2454380.5000200002000000      11.0785000000000000       0.0726344000000000      13.1504999999999990       0.0000000000000000
 2454381.5000200002000000      11.0785000000000000       0.0892366000000000      14.1574000000000010       0.0000000000000000
 2454382.5000200002000000      11.3423000000000000       0.7865270000000000       2.2827999999999999       0.0000000000000000
 2454383.5000200002000000      11.3423000000000000       0.2926130000000000       2.8265199999999999       0.0000000000000000
 2454384.5000200002000000      10.9906000000000010      -0.2428060000000000     -15.0177999999999990       0.0000000000000000
 2454385.5000200002000000      11.3423000000000000       0.0124516000000000       4.7910599999999999       0.0000000000000000
 2454386.5000200002000000      11.2544000000000000       0.3860000000000000      -8.5913599999999999       0.0000000000000000
 2454387.5000200002000000      10.9906000000000010       0.3237420000000000      17.1376999999999990       0.0000000000000000
 2454388.5000200002000000      11.1663999999999990      -0.1203660000000000      13.3010000000000000       0.0000000000000000
 2454389.5000200002000000      11.2544000000000000       0.2033760000000000       8.5527200000000008       0.0000000000000000
 2454390.5000200002000000      11.2544000000000000      -0.4067530000000000      -6.7731300000000001       0.0000000000000000
 2454391.5000200002000000      10.8148000000000000      -0.2677100000000000     -19.8305000000000010       0.0000000000000000
 2454392.5000200002000000      10.9026999999999990       0.5790000000000000     -18.6095000000000010       0.0000000000000000
 2454393.5000200002000000      11.1663999999999990       0.1722470000000000     -11.4349000000000010       0.0000000000000000
 2454394.5000200002000000      10.9906000000000010       0.5769250000000000     -17.7826999999999980       0.0000000000000000
 2454395.5000200002000000      11.0785000000000000     -13.5367000000000000      -2.5546600000000002       0.0000000000000000
 2454396.5000200002000000      10.9906000000000010       0.5790000000000000     -16.9332999999999990       0.0000000000000000
 2454397.5000200002000000      10.7269000000000010      14.8442000000000010      18.0887999999999990       0.0000000000000000
 2454398.5000200002000000      11.0785000000000000       0.5520220000000000     -14.8094000000000000       0.0000000000000000
 2454399.5000200002000000      11.3423000000000000       1.7868100000000000      -0.3361940000000000       0.0000000000000000
 2454400.5000200002000000      11.1663999999999990       0.5457960000000000     -13.8777000000000010       0.0000000000000000
 2454401.5000200002000000      10.9906000000000010       0.1597960000000000     -17.9055000000000000       0.0000000000000000
 2454402.5000200002000000      11.3423000000000000       0.6682370000000000      -4.8178700000000001       0.0000000000000000
 2454403.5000200002000000      10.9906000000000010      -0.0643333000000000      19.1320000000000010       0.0000000000000000
 2454404.5000200002000000      11.3423000000000000      -0.3341180000000000       5.3561899999999998       0.0000000000000000
 2454405.5000200002000000      11.4301999999999990       0.2614840000000000       2.7870900000000001       0.0000000000000000
 2454406.5000200002000000      10.9906000000000010     -10.7341000000000000     -13.6617000000000000       0.0000000000000000
 2454407.5000200002000000      11.2544000000000000       0.0830108000000000      -9.6937899999999999       0.0000000000000000
 2454408.5000200002000000      10.9906000000000010       0.0145269000000000     -17.6469999999999980       0.0000000000000000
 2454409.5000200002000000      11.3423000000000000       0.0539570000000000      -9.5025899999999996       0.0000000000000000
 2454410.5000200002000000      11.0785000000000000       0.5831510000000000     -17.3614999999999990       0.0000000000000000
 2454411.5000200002000000      11.4301999999999990      -0.7823760000000000       3.1751600000000000       0.0000000000000000
 2454412.5000200002000000      11.2544000000000000      -4.7065000000000001     -12.1494000000000000       0.0000000000000000
 2454413.5000200002000000      11.4301999999999990       0.0435806000000000       3.5756899999999998       0.0000000000000000
 2454414.5000200002000000      11.4301999999999990       0.7616240000000000      -2.5878600000000000       0.0000000000000000
 2454415.5000200002000000      11.4301999999999990       0.2365810000000000       1.0231100000000000       0.0000000000000000
 2454416.5000200002000000      11.4301999999999990       0.7118170000000000       3.8381900000000000       0.0000000000000000
 2454417.5000200002000000      11.4301999999999990      -0.1577200000000000       3.4034399999999998       0.0000000000000000
 2454418.5000200002000000      11.4301999999999990       0.5520220000000000      -1.2202599999999999       0.0000000000000000
 2454419.5000200002000000      11.4301999999999990      -0.1971510000000000      -1.2659100000000001       0.0000000000000000
 2454420.5000200002000000      11.4301999999999990       0.5520220000000000      -0.4939140000000000       0.0000000000000000
 2454421.5000200002000000      11.1663999999999990      -0.0830108000000000     -14.8422000000000000       0.0000000000000000
 2454422.5000200002000000      11.2544000000000000       0.4565590000000000      14.7631000000000000       0.0000000000000000
 2454423.5000200002000000      11.2544000000000000     -11.8790000000000000       3.4926800000000000       0.0000000000000000
 2454424.5000200002000000      11.4301999999999990       0.5623980000000000       2.3512800000000000       0.0000000000000000
 2454425.5000200002000000      11.0785000000000000       0.4254300000000000      18.4720000000000010       0.0000000000000000
 2454426.5000200002000000      11.0785000000000000      -0.1120650000000000     -18.7689999999999980       0.0000000000000000
 2454427.5000200002000000      11.1663999999999990       0.2822370000000000      16.5204999999999980       0.0000000000000000
 2454428.5000200002000000      11.5181000000000000       0.7574730000000000       0.8197310000000000       0.0000000000000000
 2454429.5000200002000000      11.2544000000000000       0.2739350000000000      14.7495999999999990       0.0000000000000000
 2454430.5000200002000000      11.1663999999999990      -0.4503330000000000      17.5369999999999990       0.0000000000000000
 2454431.5000200002000000      11.4301999999999990      -0.1888490000000000       6.2389400000000004       0.0000000000000000
 2454432.5000200002000000      11.4301999999999990       0.5790000000000000       7.6331899999999999       0.0000000000000000
 2454433.5000200002000000      11.4301999999999990      -0.1826240000000000       8.9981600000000004       0.0000000000000000
 2454434.5000200002000000      11.4301999999999990      -0.5146670000000000       9.7609100000000009       0.0000000000000000
 2454435.5000200002000000      10.9906000000000010      -4.9086299999999996     -18.8643000000000000       0.0000000000000000
 2454436.5000200002000000      11.2544000000000000      -0.3341180000000000     -15.3168000000000010       0.0000000000000000
 2454437.5000200002000000      11.0785000000000000      -0.2801610000000000     -17.8212000000000010       0.0000000000000000
 2454438.5000200002000000      11.3423000000000000       0.6059780000000000      11.0586000000000000       0.0000000000000000
 2454439.5000200002000000      11.1663999999999990       0.4026020000000000      17.2882000000000000       0.0000000000000000
 2454440.5000200002000000      11.5181000000000000       0.0705591000000000       5.5356199999999998       0.0000000000000000
 2454441.5000200002000000      11.4301999999999990       0.0498065000000000       6.5668699999999998       0.0000000000000000
 2454442.5000200002000000      11.0785000000000000       0.1016880000000000      19.2603000000000010       0.0000000000000000
 2454443.5000200002000000      11.2544000000000000       0.0975376000000000      15.7836000000000000       0.0000000000000000
 2454444.5000200002000000      11.1663999999999990       0.3590220000000000      18.6772999999999990       0.0000000000000000
 2454445.5000200002000000      11.5181000000000000       0.1950750000000000      -0.3361940000000000       0.0000000000000000
 2454446.5000200002000000      11.0785000000000000      -0.0913118000000000     -18.5141999999999990       0.0000000000000000
 2454447.5000200002000000      11.1663999999999990      -0.0560323000000000     -17.4965000000000010       0.0000000000000000
 2454448.5000200002000000      11.1663999999999990      -0.2386560000000000     -17.8597000000000000       0.0000000000000000
 2454449.5000200002000000      11.0785000000000000       0.3029890000000000     -18.8368000000000000       0.0000000000000000
 2454450.5000200002000000      11.4301999999999990      -0.0020752700000000       7.4393099999999999       0.0000000000000000
 2454451.5000200002000000      11.4301999999999990       0.1265910000000000       6.3998100000000004       0.0000000000000000
 2454452.5000200002000000      11.4301999999999990       0.2988390000000000      10.9812999999999990       0.0000000000000000
 2454453.5000200002000000      11.4301999999999990       0.2013010000000000       7.4207500000000000       0.0000000000000000
 2454454.5000200002000000      11.5181000000000000      -0.5022150000000000       3.9310000000000000       0.0000000000000000
 2454455.5000200002000000      11.5181000000000000       0.1514950000000000      -2.0897999999999999       0.0000000000000000
 2454456.5000200002000000      11.4301999999999990      -0.0103763000000000       8.5283099999999994       0.0000000000000000
 2454457.5000200002000000      11.5181000000000000       0.1473440000000000      -4.0609400000000004       0.0000000000000000
 2454458.5000200002000000      11.1663999999999990       0.6744620000000000      18.3913000000000010       0.0000000000000000
 2454459.5000200002000000      11.0785000000000000       0.1452690000000000     -19.4235000000000010       0.0000000000000000
 2454460.5000200002000000      11.5181000000000000       0.2490320000000000       3.1876099999999998       0.0000000000000000
 2454461.5000200002000000      11.2544000000000000       0.4026020000000000      16.9391000000000000       0.0000000000000000
 2454462.5000200002000000      11.1663999999999990      -0.4524090000000000     -17.3075000000000010       0.0000000000000000
 2454463.5000200002000000      11.2544000000000000       0.3922260000000000      15.2357999999999990       0.0000000000000000
 2454464.5000200002000000      10.9906000000000010      -8.9812600000000007     -19.5921999999999980       0.0000000000000000
 2454465.5000200002000000      11.3423000000000000       0.3797740000000000      13.5479000000000000       0.0000000000000000
