Time P3114 A5334 A5335 A5016
 2453736.5177300000000000      11.6060000000000000       0.5520220000000000      10.8470999999999990       0.0000000000000000
 2453737.5177300000000000      11.5181000000000000      -1.7536000000000000      12.4078000000000000       0.0000000000000000
 2453738.5177300000000000      11.6940000000000010      -0.1514950000000000       3.3743900000000000       0.0000000000000000
 2453739.5177300000000000      11.6940000000000010       0.1660220000000000       4.3538100000000002       0.0000000000000000
 2453740.5177300000000000      11.2544000000000000       0.5810750000000000     -18.8312999999999990       0.0000000000000000
 2453741.5177300000000000      11.6940000000000010       0.0311290000000000       6.5998700000000001       0.0000000000000000
 2453742.5177300000000000      11.6060000000000000       0.0020752700000000      -7.3712499999999999       0.0000000000000000
 2453743.5177300000000000      11.4301999999999990     -12.8607999999999990      -3.2644000000000002       0.0000000000000000
 2453744.5177300000000000      11.4301999999999990       0.3237420000000000      16.9468000000000000       0.0000000000000000
 2453745.5177300000000000      11.3423000000000000     -14.6997000000000000       3.6855600000000002       0.0000000000000000
 2453746.5177300000000000      11.6940000000000010       0.0124516000000000      -0.4856130000000000       0.0000000000000000
 2453747.5177300000000000      11.3423000000000000       0.2656340000000000     -16.5147000000000010       0.0000000000000000
 2453748.5177300000000000      11.3423000000000000       0.4026020000000000      17.7092999999999990       0.0000000000000000
 2453749.5177300000000000      11.3423000000000000      -0.1141400000000000      16.7885999999999990       0.0000000000000000
 2453750.5177300000000000      11.5181000000000000       0.3154410000000000     -12.9864999999999990       0.0000000000000000
 2453751.5177300000000000      11.6940000000000010       0.4648600000000000      -3.3100499999999999       0.0000000000000000
 2453752.5177300000000000      11.6060000000000000      -0.0083010800000000      -9.0347700000000000       0.0000000000000000
 2453753.5177300000000000      11.6940000000000010       0.3154410000000000       0.3797740000000000       0.0000000000000000
 2453754.5177300000000000      11.6940000000000010       0.3424190000000000       0.6350320000000000       0.0000000000000000
 2453755.5177300000000000      11.5181000000000000       0.3922260000000000      13.6463000000000000       0.0000000000000000
 2453756.5177300000000000      11.2544000000000000      -0.5250430000000000     -18.9340000000000010       0.0000000000000000
 2453757.5177300000000000      11.6060000000000000       0.4731610000000000      -5.4345600000000003       0.0000000000000000
 2453758.5177300000000000      11.6940000000000010       0.2241290000000000      -4.6900000000000004       0.0000000000000000
 2453759.5177300000000000      11.6060000000000000       0.4773120000000000      -6.1399400000000002       0.0000000000000000
 2453760.5177300000000000      11.6060000000000000       0.0269785000000000      -5.6758800000000003       0.0000000000000000
 2453761.5177300000000000      11.6060000000000000      -0.0083010800000000      -6.6968100000000002       0.0000000000000000
 2453762.5177300000000000      11.5181000000000000       0.4378820000000000      12.1127000000000000       0.0000000000000000
 2453763.5177300000000000      11.6060000000000000       0.2096020000000000       5.6449400000000001       0.0000000000000000
 2453764.5177300000000000      11.3423000000000000      -0.2946880000000000     -17.3499000000000020       0.0000000000000000
 2453765.5177300000000000      11.3423000000000000       0.1245160000000000     -16.4086000000000000       0.0000000000000000
 2453766.5177300000000000      11.5181000000000000       0.4731610000000000     -10.1819000000000010       0.0000000000000000
 2453767.5177300000000000      11.6060000000000000       0.4067530000000000       9.1588499999999993       0.0000000000000000
 2453768.5177300000000000      11.6060000000000000       0.2926130000000000      -5.7851900000000001       0.0000000000000000
 2453769.5177300000000000      11.6060000000000000       0.4275050000000000       6.2203799999999996       0.0000000000000000
 2453770.5177300000000000      11.3423000000000000       0.6225810000000001      17.8432000000000000       0.0000000000000000
 2453771.5177300000000000      11.2544000000000000      -0.3631720000000000      18.2244999999999990       0.0000000000000000
 2453772.5177300000000000      11.4301999999999990      -0.0311290000000000      15.3766000000000000       0.0000000000000000
 2453773.5177300000000000      11.4301999999999990     -11.2535000000000010      -0.1846990000000000       0.0000000000000000
 2453774.5177300000000000      11.6060000000000000       1.5626800000000001       9.4517399999999991       0.0000000000000000
 2453775.5177300000000000      11.5181000000000000      -9.6691500000000001      -1.4319400000000000       0.0000000000000000
 2453776.5177300000000000      11.6060000000000000      -0.2365810000000000      -5.7851900000000001       0.0000000000000000
 2453777.5177300000000000      11.5181000000000000      -8.0627399999999998      -2.6916199999999999       0.0000000000000000
 2453778.5177300000000000      11.5181000000000000      -0.8446340000000000      11.9544999999999990       0.0000000000000000
 2453779.5177300000000000      11.5181000000000000      -6.4658100000000003      -3.9310000000000000       0.0000000000000000
 2453780.5177300000000000      11.6060000000000000       1.2368600000000001       5.2180000000000000       0.0000000000000000
 2453781.5177300000000000      11.5181000000000000      -4.8632499999999999      -5.1437499999999998       0.0000000000000000
 2453782.5177300000000000      11.2544000000000000       0.3299680000000000     -17.2265000000000010       0.0000000000000000
 2453783.5177300000000000      11.5181000000000000      -1.7888800000000000      -8.2760899999999999       0.0000000000000000
 2453784.5177300000000000      11.3423000000000000       0.2262040000000000      15.9880999999999990       0.0000000000000000
 2453785.5177300000000000      11.5181000000000000       0.0186774000000000      -9.1771499999999993       0.0000000000000000
 2453786.5177300000000000      11.6060000000000000       0.3444950000000000       1.2347800000000000       0.0000000000000000
 2453787.5177300000000000      11.4301999999999990       1.8386899999999999     -10.0904000000000010       0.0000000000000000
 2453788.5177300000000000      11.1663999999999990      -0.2760110000000000     -17.8927000000000010       0.0000000000000000
 2453789.5177300000000000      11.4301999999999990       3.6690600000000000     -10.9976000000000000       0.0000000000000000
 2453790.5177300000000000      11.1663999999999990      -0.7740750000000000     -18.0154999999999990       0.0000000000000000
 2453791.5177300000000000      11.2544000000000000      -0.8280320000000000     -17.0046000000000000       0.0000000000000000
 2453792.5177300000000000      11.1663999999999990       0.2033760000000000      18.6700000000000020       0.0000000000000000
 2453793.5177300000000000      11.3423000000000000       7.3650599999999997     -12.8071000000000000       0.0000000000000000
 2453794.5177300000000000      11.2544000000000000       0.1328170000000000      16.8291000000000000       0.0000000000000000
 2453795.5177300000000000      11.4301999999999990       7.3795000000000002      -6.1811900000000000       0.0000000000000000
 2453796.5177300000000000      11.4301999999999990       0.1743230000000000      -9.4212299999999995       0.0000000000000000
 2453797.5177300000000000      11.5181000000000000      -6.1007499999999997      -0.2448820000000000       0.0000000000000000
 2453798.5177300000000000      11.3423000000000000      -0.0705591000000000      15.5540000000000000       0.0000000000000000
 2453799.5177300000000000      11.5181000000000000      -4.0980600000000003      -0.2448820000000000       0.0000000000000000
 2453800.5177300000000000      11.4301999999999990       0.2656340000000000      -9.6958199999999994       0.0000000000000000
 2453801.5177300000000000      11.5181000000000000      -2.1001699999999999      -0.2428060000000000       0.0000000000000000
 2453802.5177300000000000      11.4301999999999990       0.2573330000000000     -11.2883999999999990       0.0000000000000000
 2453803.5177300000000000      11.5181000000000000      -0.1016880000000000      -0.2365810000000000       0.0000000000000000
 2453804.5177300000000000      11.5181000000000000      -0.0124516000000000       6.8556299999999997       0.0000000000000000
 2453805.5177300000000000      11.5181000000000000       1.8905700000000001      -0.2365810000000000       0.0000000000000000
 2453806.5177300000000000      11.4301999999999990       0.0830108000000000      10.0172000000000010       0.0000000000000000
 2453807.5177300000000000      11.5181000000000000       3.8835600000000001      -0.2365810000000000       0.0000000000000000
 2453808.5177300000000000      11.3423000000000000      -0.1099890000000000      13.6289000000000000       0.0000000000000000
 2453809.5177300000000000      11.3423000000000000      -0.1079140000000000      14.0128000000000000       0.0000000000000000
 2453811.5177300000000000      11.2544000000000000      -0.6205050000000000      14.4796000000000000       0.0000000000000000
 2453813.5177300000000000      11.4301999999999990       9.8626100000000001      -0.2303550000000000       0.0000000000000000
 2453814.5177300000000000      11.4301999999999990      -0.1431940000000000       7.5465600000000004       0.0000000000000000
 2453815.5177300000000000      11.1663999999999990     -12.4809000000000000      -6.5792500000000000       0.0000000000000000
 2453816.5177300000000000      11.2544000000000000       0.4150540000000000      15.5000000000000000       0.0000000000000000
 2453817.5177300000000000      11.2544000000000000      13.8120999999999990      -0.2303550000000000       0.0000000000000000
 2453818.5177300000000000      11.4301999999999990      -0.0954624000000000      -5.5273800000000000       0.0000000000000000
 2453819.5177300000000000      11.2544000000000000     -10.5074000000000010      -7.0000000000000000       0.0000000000000000
 2453820.5177300000000000      11.4301999999999990       0.1597960000000000       5.1045600000000002       0.0000000000000000
 2453821.5177300000000000      11.0785000000000000       0.2697850000000000     -16.9429000000000020       0.0000000000000000
 2453822.5177300000000000      11.4301999999999990       0.0747097000000000       5.9584400000000004       0.0000000000000000
 2453823.5177300000000000      11.0785000000000000      -0.2511080000000000      16.8812000000000000       0.0000000000000000
 2453824.5177300000000000      11.4301999999999990       0.0145269000000000       5.7748799999999996       0.0000000000000000
 2453825.5177300000000000      11.3423000000000000       0.6786130000000000      -6.4328099999999999       0.0000000000000000
 2453826.5177300000000000      11.3423000000000000       0.0186774000000000      -6.7256900000000002       0.0000000000000000
 2453827.5177300000000000      11.2544000000000000      -0.3776990000000000     -12.0394000000000010       0.0000000000000000
 2453828.5177300000000000      11.4301999999999990      -0.0581075000000000      -0.7263440000000000       0.0000000000000000
 2453829.5177300000000000      11.3423000000000000       0.6993660000000000      -7.6641199999999996       0.0000000000000000
 2453830.5177300000000000      11.2544000000000000      -0.0394301000000000     -11.1907999999999990       0.0000000000000000
 2453831.5177300000000000      11.3423000000000000       0.5167420000000000       8.9066299999999998       0.0000000000000000
 2453832.5177300000000000      10.9026999999999990      -0.1286670000000000     -19.6123000000000010       0.0000000000000000
 2453833.5177300000000000      11.2544000000000000       0.7014410000000000     -11.7217000000000000       0.0000000000000000
 2453834.5177300000000000      11.4301999999999990      -1.6394599999999999       1.7971800000000000       0.0000000000000000
 2453835.5177300000000000      10.9026999999999990      19.5444999999999990      -0.2033760000000000       0.0000000000000000
 2453836.5177300000000000      11.3423000000000000      -0.0850860000000000      -5.0653699999999997       0.0000000000000000
 2453837.5177300000000000      10.9026999999999990      19.5060000000000000      -0.2013010000000000       0.0000000000000000
 2453838.5177300000000000      11.1663999999999990      -0.0892366000000000     -11.9526000000000000       0.0000000000000000
 2453839.5177300000000000      11.4301999999999990       0.7595480000000000      -0.1888490000000000       0.0000000000000000
 2453840.5177300000000000      10.9906000000000010      -0.1660220000000000     -16.1887000000000010       0.0000000000000000
 2453841.5177300000000000      11.3423000000000000       0.7657740000000000      -0.1867740000000000       0.0000000000000000
 2453842.5177300000000000      11.2544000000000000       0.1950750000000000     -10.8816000000000010       0.0000000000000000
 2453843.5177300000000000      11.3423000000000000       0.7699250000000000      -0.1826240000000000       0.0000000000000000
 2453844.5177300000000000      11.3423000000000000       0.2946880000000000      -0.1016880000000000       0.0000000000000000
 2453845.5177300000000000      10.9026999999999990       0.6059780000000000     -18.5013000000000010       0.0000000000000000
 2453846.5177300000000000      11.3423000000000000       0.2614840000000000       6.4513800000000003       0.0000000000000000
 2453847.5177300000000000      10.8148000000000000       0.6101290000000000     -19.2897000000000000       0.0000000000000000
 2453848.5177300000000000      11.2544000000000000      -0.0518817000000000       9.2808899999999994       0.0000000000000000
 2453849.5177300000000000      11.1663999999999990       3.3287300000000002      -9.1669800000000006       0.0000000000000000
 2453850.5177300000000000      11.3423000000000000       0.0581075000000000       4.8446899999999999       0.0000000000000000
 2453851.5177300000000000      11.2544000000000000       0.4067530000000000       8.3920300000000001       0.0000000000000000
 2453852.5177300000000000      10.6389000000000000      17.8377000000000020     -13.2006999999999990       0.0000000000000000
 2453853.5177300000000000      10.7269000000000010      16.9738000000000010     -12.6778999999999990       0.0000000000000000
 2453854.5177300000000000      10.8148000000000000      -0.2324300000000000     -18.8607000000000010       0.0000000000000000
 2453855.5177300000000000      10.9026999999999990       0.7201180000000000     -16.0323999999999990       0.0000000000000000
 2453856.5177300000000000      11.2544000000000000       0.1660220000000000       9.2666500000000003       0.0000000000000000
 2453857.5177300000000000      10.9906000000000010       0.7242690000000001     -15.6968000000000000       0.0000000000000000
 2453858.5177300000000000      10.9026999999999990       6.9236899999999997      16.5725000000000020       0.0000000000000000
 2453859.5177300000000000      10.9906000000000010       0.7284190000000000     -15.3496000000000010       0.0000000000000000
 2453860.5177300000000000      11.0785000000000000       0.1016880000000000      12.4001000000000000       0.0000000000000000
 2453861.5177300000000000      10.9906000000000010       0.7325700000000001     -14.9849999999999990       0.0000000000000000
 2453862.5177300000000000      10.8148000000000000      -0.0207527000000000     -17.6200000000000010       0.0000000000000000
 2453863.5177300000000000      10.9906000000000010      10.2388999999999990      -9.5615799999999993       0.0000000000000000
 2453864.5177300000000000      11.0785000000000000      -0.0352796000000000     -11.8559000000000000       0.0000000000000000
 2453865.5177300000000000      11.2544000000000000       0.8902900000000000       6.4390000000000001       0.0000000000000000
 2453866.5177300000000000      11.1663999999999990      -0.0290538000000000      -9.7649799999999995       0.0000000000000000
 2453867.5177300000000000      11.1663999999999990      -0.1577200000000000      -9.1913900000000002       0.0000000000000000
 2453868.5177300000000000      10.7269000000000010      18.6205000000000000       8.2699900000000000       0.0000000000000000
 2453869.5177300000000000      11.0785000000000000      -0.5457960000000000      11.3047000000000000       0.0000000000000000
 2453870.5177300000000000      11.1663999999999990      -0.0124516000000000      -6.3276199999999996       0.0000000000000000
 2453871.5177300000000000      10.9906000000000010       0.5208930000000001      14.7477000000000000       0.0000000000000000
 2453872.5177300000000000      11.2544000000000000      -0.0041505400000000      -4.2589399999999999       0.0000000000000000
 2453873.5177300000000000      10.8148000000000000       0.0996129000000000      17.4424999999999990       0.0000000000000000
 2453874.5177300000000000      10.9906000000000010      -0.0664086000000000     -13.9665000000000000       0.0000000000000000
 2453875.5177300000000000      11.1663999999999990      -2.6169099999999998      -4.2816200000000002       0.0000000000000000
 2453876.5177300000000000      10.9906000000000010      -0.0560323000000000     -12.0896000000000010       0.0000000000000000
 2453877.5177300000000000      11.1663999999999990      -5.9831899999999996      -1.4755199999999999       0.0000000000000000
 2453878.5177300000000000      11.0785000000000000      -0.0456559000000000     -10.1473999999999990       0.0000000000000000
 2453879.5177300000000000      10.9906000000000010      -1.7038000000000000      12.7531000000000000       0.0000000000000000
 2453880.5177300000000000      11.2544000000000000       0.1452690000000000      -1.5896600000000001       0.0000000000000000
 2453881.5177300000000000      10.9906000000000010      -7.6455599999999997       8.9940899999999999       0.0000000000000000
 2453882.5177300000000000      10.9906000000000010      -0.1182900000000000     -11.5833999999999990       0.0000000000000000
 2453883.5177300000000000      11.1663999999999990       5.1272500000000001       5.3128700000000002       0.0000000000000000
 2453884.5177300000000000      10.5510000000000000     -15.1438000000000010      15.1527999999999990       0.0000000000000000
 2453885.5177300000000000      10.8148000000000000      -0.0477312000000000      16.6381000000000010       0.0000000000000000
 2453886.5177300000000000      10.9906000000000010       0.2199780000000000      13.9298000000000000       0.0000000000000000
 2453887.5177300000000000      10.8148000000000000      -0.0892366000000000      16.3005999999999990       0.0000000000000000
 2453888.5177300000000000      10.9026999999999990       0.1079140000000000      15.8337000000000000       0.0000000000000000
 2453889.5177300000000000      10.8148000000000000      -0.0373548000000000      15.9148000000000000       0.0000000000000000
 2453890.5177300000000000      10.7269000000000010       0.0664086000000000      18.9468000000000000       0.0000000000000000
 2453891.5177300000000000      10.9026999999999990      -0.0332043000000000      15.5231999999999990       0.0000000000000000
 2453892.5177300000000000      10.8148000000000000      -8.8047799999999992     -13.2161000000000010       0.0000000000000000
 2453893.5177300000000000      10.9026999999999990      -0.0290538000000000      15.1161999999999990       0.0000000000000000
 2453894.5177300000000000      10.8148000000000000       0.1805480000000000     -15.9572000000000000       0.0000000000000000
 2453895.5177300000000000      10.9026999999999990      -0.0249032000000000      14.6956000000000010       0.0000000000000000
 2453896.5177300000000000      10.7269000000000010      -0.0083010800000000      17.5968000000000020       0.0000000000000000
 2453897.5177300000000000      10.9026999999999990      -0.0207527000000000      14.2674000000000000       0.0000000000000000
 2453898.5177300000000000      10.5510000000000000       0.0249032000000000     -19.7755000000000010       0.0000000000000000
 2453899.5177300000000000      10.9026999999999990      -0.0975376000000000      13.8411000000000010       0.0000000000000000
 2453900.5177300000000000      11.0785000000000000       1.1787500000000000      -6.6555600000000004       0.0000000000000000
 2453901.5177300000000000      11.0785000000000000      -3.5964399999999999       7.5135600000000000       0.0000000000000000
 2453902.5177300000000000      11.0785000000000000       2.1873300000000002      -5.2118099999999998       0.0000000000000000
 2453903.5177300000000000      10.9026999999999990      -0.0103763000000000      12.8843000000000000       0.0000000000000000
 2453904.5177300000000000      10.7269000000000010      -7.7672499999999998      16.8272000000000010       0.0000000000000000
 2453905.5177300000000000      10.9906000000000010      -0.0062258100000000      12.4078000000000000       0.0000000000000000
 2453906.5177300000000000      11.0785000000000000      -0.0145269000000000       8.1052400000000002       0.0000000000000000
 2453907.5177300000000000      10.9906000000000010      -0.0041505400000000      11.9140000000000000       0.0000000000000000
 2453908.5177300000000000      10.8148000000000000       8.0869300000000006      14.6744000000000000       0.0000000000000000
 2453909.5177300000000000      10.9906000000000010       0.0000000000000000      11.3840000000000000       0.0000000000000000
 2453910.5177300000000000      11.0785000000000000      -0.0145269000000000       5.6738099999999996       0.0000000000000000
 2453911.5177300000000000      10.9906000000000010       0.0041505400000000      10.8369000000000000       0.0000000000000000
 2453912.5177300000000000      11.0785000000000000       0.0166022000000000       7.5176900000000000       0.0000000000000000
 2453913.5177300000000000      10.9906000000000010       0.0062258100000000      10.2959000000000000       0.0000000000000000
 2453914.5177300000000000      10.8148000000000000      -0.7097420000000000      15.2531000000000000       0.0000000000000000
 2453915.5177300000000000      10.9906000000000010       0.0103763000000000       9.7344700000000000       0.0000000000000000
 2453916.5177300000000000      10.8148000000000000       0.1348920000000000      15.1952000000000000       0.0000000000000000
 2453917.5177300000000000      10.9906000000000010       0.0103763000000000       9.1629199999999997       0.0000000000000000
 2453918.5177300000000000      10.6389000000000000      -0.0352796000000000     -18.1896999999999980       0.0000000000000000
 2453919.5177300000000000      11.0785000000000000       0.0145269000000000       8.5872899999999994       0.0000000000000000
 2453920.5177300000000000      10.8148000000000000       0.1660220000000000      15.8492000000000000       0.0000000000000000
 2453921.5177300000000000      11.0785000000000000       0.0166022000000000       7.9404800000000000       0.0000000000000000
 2453922.5177300000000000      10.8148000000000000       0.1680970000000000      16.4221000000000000       0.0000000000000000
 2453923.5177300000000000      11.0785000000000000       0.1452690000000000       7.3135000000000003       0.0000000000000000
 2453924.5177300000000000      10.9906000000000010       0.1203660000000000       9.9643099999999993       0.0000000000000000
 2453925.5177300000000000      11.0785000000000000       0.0145269000000000       6.7277500000000003       0.0000000000000000
 2453926.5177300000000000      10.8148000000000000      -0.0228280000000000     -15.6813000000000000       0.0000000000000000
 2453927.5177300000000000      11.0785000000000000       0.0103763000000000       6.1296200000000001       0.0000000000000000
 2453928.5177300000000000      10.8148000000000000       0.0664086000000000      16.7383999999999990       0.0000000000000000
 2453929.5177300000000000      11.0785000000000000       0.0083010800000000       5.5108800000000002       0.0000000000000000
 2453930.5177300000000000      11.0785000000000000       0.1058390000000000       5.1911899999999997       0.0000000000000000
 2453931.5177300000000000      11.0785000000000000       0.0041505400000000       4.8900600000000001       0.0000000000000000
 2453932.5177300000000000      10.9906000000000010       0.0311290000000000      10.0965000000000010       0.0000000000000000
 2453933.5177300000000000      11.1663999999999990       0.0020752700000000       4.2671900000000003       0.0000000000000000
 2453934.5177300000000000      10.9026999999999990      -0.0892366000000000      12.9055000000000000       0.0000000000000000
 2453935.5177300000000000      11.1663999999999990      -0.0020752700000000       3.6462500000000002       0.0000000000000000
 2453936.5177300000000000      11.1663999999999990       0.0850860000000000      -0.8965160000000000       0.0000000000000000
 2453937.5177300000000000      11.1663999999999990      -0.0062258100000000       3.0112100000000002       0.0000000000000000
 2453938.5177300000000000      11.1663999999999990       0.0788602000000000      -2.7621799999999999       0.0000000000000000
 2453939.5177300000000000      11.1663999999999990      -0.0103763000000000       2.3678800000000000       0.0000000000000000
 2453940.5177300000000000      11.1663999999999990       0.0269785000000000       2.2205400000000002       0.0000000000000000
 2453941.5177300000000000      11.1663999999999990      -0.0103763000000000       1.7411500000000000       0.0000000000000000
 2453942.5177300000000000      10.8148000000000000       0.0145269000000000     -14.9232999999999990       0.0000000000000000
 2453943.5177300000000000      11.1663999999999990      -0.0145269000000000       1.0998900000000000       0.0000000000000000
 2453944.5177300000000000      11.0785000000000000       0.0601828000000000      -7.4372499999999997       0.0000000000000000
 2453945.5177300000000000      11.1663999999999990      -0.0186774000000000       0.4524090000000000       0.0000000000000000
 2453946.5177300000000000      11.1663999999999990      -0.6184300000000000       4.6013099999999998       0.0000000000000000
 2453947.5177300000000000      11.1663999999999990      -0.0207527000000000      -0.1805480000000000       0.0000000000000000
 2453948.5177300000000000      11.0785000000000000       0.0643333000000000      -6.8329399999999998       0.0000000000000000
 2453949.5177300000000000      11.1663999999999990      -0.0249032000000000      -0.8238820000000000       0.0000000000000000
 2453950.5177300000000000      10.8148000000000000       0.1950750000000000      16.0034999999999990       0.0000000000000000
 2453951.5177300000000000      11.1663999999999990      -0.0269785000000000      -1.4672200000000000       0.0000000000000000
 2453952.5177300000000000      11.1663999999999990       0.0933871000000000       4.1723100000000004       0.0000000000000000
 2453953.5177300000000000      11.1663999999999990      -0.0311290000000000      -2.1063999999999998       0.0000000000000000
 2453954.5177300000000000      11.0785000000000000       0.0415054000000000       8.0665899999999997       0.0000000000000000
 2453955.5177300000000000      11.1663999999999990      -0.0332043000000000      -2.7393500000000000       0.0000000000000000
 2453956.5177300000000000      10.9906000000000010      -0.0020752700000000      13.6559000000000010       0.0000000000000000
 2453957.5177300000000000      11.1663999999999990      -0.0352796000000000      -3.3785400000000001       0.0000000000000000
 2453958.5177300000000000      10.8148000000000000       0.3071400000000000      17.6690000000000000       0.0000000000000000
 2453959.5177300000000000      11.1663999999999990      -0.0394301000000000      -4.0176200000000000       0.0000000000000000
 2453960.5177300000000000      11.0785000000000000       0.1162150000000000      -8.0869300000000006       0.0000000000000000
 2453961.5177300000000000      11.1663999999999990      -0.0435806000000000      -4.6384400000000001       0.0000000000000000
 2453962.5177300000000000      10.8148000000000000      -0.1120650000000000     -16.1404999999999990       0.0000000000000000
 2453963.5177300000000000      11.1663999999999990      -0.0477312000000000      -5.2654399999999999       0.0000000000000000
 2453964.5177300000000000      10.9026999999999990      -0.0083010800000000      14.7612000000000010       0.0000000000000000
 2453965.5177300000000000      11.1663999999999990      -0.1265910000000000      -5.8924399999999997       0.0000000000000000
 2453966.5177300000000000      11.2544000000000000      -0.0456559000000000       0.2697850000000000       0.0000000000000000
 2453967.5177300000000000      11.1663999999999990       0.3050650000000000      -5.1911899999999997       0.0000000000000000
 2453968.5177300000000000      11.1663999999999990      -0.0767849000000000      -7.9608200000000000       0.0000000000000000
 2453969.5177300000000000      10.9906000000000010      -1.8988700000000001     -11.4776000000000010       0.0000000000000000
 2453970.5177300000000000      10.5510000000000000     -16.6107000000000010     -13.6983000000000000       0.0000000000000000
 2453971.5177300000000000      10.9906000000000010      -2.0005600000000001     -11.9872999999999990       0.0000000000000000
 2453972.5177300000000000      10.8148000000000000      -0.1162150000000000     -16.3892999999999990       0.0000000000000000
 2453973.5177300000000000      11.1663999999999990      -2.9406599999999998      -1.0376300000000001       0.0000000000000000
 2453974.5177300000000000      11.2544000000000000       0.0643333000000000       4.1723100000000004       0.0000000000000000
 2453975.5177300000000000      10.9906000000000010      -2.3492000000000002     -13.4379000000000010       0.0000000000000000
 2453976.5177300000000000      10.9026999999999990       0.1328170000000000      15.7759000000000000       0.0000000000000000
 2453977.5177300000000000      10.9906000000000010      -1.2057300000000000      14.4101000000000000       0.0000000000000000
 2453978.5177300000000000      10.8148000000000000      -0.0228280000000000      17.5080999999999990       0.0000000000000000
 2453979.5177300000000000      11.2544000000000000       0.0166022000000000      -0.0311290000000000       0.0000000000000000
 2453980.5177300000000000      10.9906000000000010       0.1182900000000000      14.9908000000000000       0.0000000000000000
 2453981.5177300000000000      11.2544000000000000      -0.7512470000000000      -3.7000000000000002       0.0000000000000000
 2453982.5177300000000000      10.9026999999999990      -0.0809355000000000     -15.7180000000000000       0.0000000000000000
 2453983.5177300000000000      10.9906000000000010      -0.3195910000000000     -13.8739000000000010       0.0000000000000000
 2453984.5177300000000000      10.8148000000000000      -0.1411180000000000     -17.2631000000000010       0.0000000000000000
 2453985.5177300000000000      11.2544000000000000      -0.8487850000000000      -1.8656699999999999       0.0000000000000000
 2453986.5177300000000000      11.1663999999999990      -0.0705591000000000     -10.3894000000000000       0.0000000000000000
 2453987.5177300000000000      10.9026999999999990      -0.3860000000000000      16.6381000000000010       0.0000000000000000
 2453988.5177300000000000      11.1663999999999990      -0.0726344000000000     -10.8104999999999990       0.0000000000000000
 2453989.5177300000000000      11.2544000000000000      -0.3382690000000000       7.3464999999999998       0.0000000000000000
 2453990.5177300000000000      10.9906000000000010      -0.0871613000000000      14.8325999999999990       0.0000000000000000
 2453991.5177300000000000      11.1663999999999990      -0.3320430000000000       9.0713899999999992       0.0000000000000000
 2453992.5177300000000000      11.1663999999999990      -0.0809355000000000      -9.6042900000000007       0.0000000000000000
 2453993.5177300000000000      11.1663999999999990      -0.3258170000000000      10.8064000000000000       0.0000000000000000
 2453994.5177300000000000      11.2544000000000000      -0.0249032000000000       6.8659400000000002       0.0000000000000000
 2453995.5177300000000000      11.1663999999999990      -0.2220540000000000     -10.1270000000000010       0.0000000000000000
 2453996.5177300000000000      11.3423000000000000      -0.0290538000000000      -0.8570860000000000       0.0000000000000000
 2453997.5177300000000000      11.3423000000000000       0.0394301000000000      -1.1164900000000000       0.0000000000000000
 2453998.5177300000000000      11.1663999999999990       0.0788602000000000      11.5305000000000000       0.0000000000000000
 2453999.5177300000000000      11.2544000000000000       0.2365810000000000      -8.8964599999999994       0.0000000000000000
 2454000.5177300000000000      11.3423000000000000      -0.0083010800000000       1.9528300000000001       0.0000000000000000
 2454001.5177300000000000      11.3423000000000000      -0.0394301000000000      -1.6954899999999999       0.0000000000000000
 2454002.5177300000000000      11.3423000000000000       0.0000000000000000       4.7869400000000004       0.0000000000000000
 2454003.5177300000000000      10.8148000000000000      -0.6682370000000000     -19.4381999999999980       0.0000000000000000
 2454004.5177300000000000      11.3423000000000000       0.0103763000000000       5.8532500000000001       0.0000000000000000
 2454005.5177300000000000      11.2544000000000000      -0.3984520000000000       8.5832300000000004       0.0000000000000000
 2454006.5177300000000000      11.1663999999999990      -0.0332043000000000     -11.7624000000000000       0.0000000000000000
 2454007.5177300000000000      11.2544000000000000      -0.3943010000000000      10.2287000000000000       0.0000000000000000
 2454008.5177300000000000      11.2544000000000000      -0.1245160000000000      -9.9866899999999994       0.0000000000000000
 2454009.5177300000000000      11.3423000000000000       1.0210300000000001      -1.3883500000000000       0.0000000000000000
 2454010.5177300000000000      11.1663999999999990      -0.1867740000000000     -13.2759000000000000       0.0000000000000000
 2454011.5177300000000000      10.9906000000000010      -0.1888490000000000     -16.4548999999999990       0.0000000000000000
 2454012.5177300000000000      11.1663999999999990      -0.1763980000000000     -12.4291000000000000       0.0000000000000000
 2454013.5177300000000000      11.3423000000000000       4.7065000000000001       4.4136199999999999       0.0000000000000000
 2454014.5177300000000000      11.2544000000000000       0.2490320000000000      10.2937999999999990       0.0000000000000000
 2454015.5177300000000000      11.2544000000000000      -0.0228280000000000       9.8463399999999996       0.0000000000000000
 2454016.5177300000000000      11.3423000000000000       0.2448820000000000       9.2788500000000003       0.0000000000000000
 2454017.5177300000000000      10.9906000000000010      -0.1431940000000000      18.0375000000000010       0.0000000000000000
 2454018.5177300000000000      11.3423000000000000       0.2469570000000000       8.2659199999999995       0.0000000000000000
 2454019.5177300000000000      11.2544000000000000       0.0145269000000000      10.7860000000000000       0.0000000000000000
 2454020.5177300000000000      11.3423000000000000       0.2469570000000000       7.2392500000000002       0.0000000000000000
 2454021.5177300000000000      11.1663999999999990       0.2137530000000000     -13.3338000000000000       0.0000000000000000
 2454022.5177300000000000      11.2544000000000000      -0.1348920000000000     -12.3942999999999990       0.0000000000000000
 2454023.5177300000000000      11.2544000000000000       0.7761510000000000     -12.0413000000000000       0.0000000000000000
 2454024.5177300000000000      11.2544000000000000      -0.2448820000000000     -11.8754000000000010       0.0000000000000000
 2454025.5177300000000000      11.0785000000000000       0.2386560000000000      16.7075999999999990       0.0000000000000000
 2454026.5177300000000000      11.4301999999999990      -0.3299680000000000       4.0691899999999999       0.0000000000000000
 2454027.5177300000000000      11.2544000000000000      -0.7325700000000001     -12.6104000000000000       0.0000000000000000
 2454028.5177300000000000      11.4301999999999990       1.4464600000000001       3.2021400000000000       0.0000000000000000
 2454029.5177300000000000      11.1663999999999990      -0.7574730000000000     -14.4391000000000000       0.0000000000000000
 2454030.5177300000000000      11.4301999999999990       3.2311899999999998       2.3263799999999999       0.0000000000000000
 2454031.5177300000000000      11.0785000000000000       0.3341180000000000      18.0283000000000020       0.0000000000000000
 2454032.5177300000000000      11.3423000000000000       0.1390430000000000      10.1860000000000000       0.0000000000000000
 2454033.5177300000000000      11.4301999999999990       0.8467100000000000       1.5149500000000000       0.0000000000000000
 2454034.5177300000000000      11.4301999999999990      -0.1701720000000000       0.6682370000000000       0.0000000000000000
 2454035.5177300000000000      11.5181000000000000       0.8446340000000000       0.2718600000000000       0.0000000000000000
 2454036.5177300000000000      11.5181000000000000      -0.1784730000000000      -0.5748490000000001       0.0000000000000000
 2454037.5177300000000000      11.0785000000000000      -0.7367200000000000     -18.3802999999999980       0.0000000000000000
 2454038.5177300000000000      11.5181000000000000      -0.5935270000000000       0.0000000000000000       0.0000000000000000
 2454039.5177300000000000      11.5181000000000000       1.0417900000000000      -1.7909600000000001       0.0000000000000000
 2454040.5177300000000000      11.4301999999999990       0.3237420000000000       9.3683499999999995       0.0000000000000000
 2454041.5177300000000000      11.4301999999999990       0.3673230000000000       6.7215600000000002       0.0000000000000000
 2454042.5177300000000000      11.0785000000000000      -0.3341180000000000     -18.6003000000000010       0.0000000000000000
 2454043.5177300000000000      11.5181000000000000       3.9990600000000001      -1.2181800000000000       0.0000000000000000
 2454044.5177300000000000      11.3423000000000000       0.0186774000000000      12.1416000000000000       0.0000000000000000
 2454045.5177300000000000      11.4301999999999990       0.1971510000000000      -6.6596900000000003       0.0000000000000000
 2454046.5177300000000000      11.4301999999999990      -0.1037630000000000      -5.6738099999999996       0.0000000000000000
 2454047.5177300000000000      11.4301999999999990       1.1995100000000001      10.8816000000000010       0.0000000000000000
 2454048.5177300000000000      11.4301999999999990      -0.1348920000000000       9.9236299999999993       0.0000000000000000
 2454049.5177300000000000      11.0785000000000000       0.9214190000000000     -17.9238000000000000       0.0000000000000000
 2454050.5177300000000000      11.4301999999999990       0.3714730000000000      11.5040999999999990       0.0000000000000000
 2454051.5177300000000000      11.4301999999999990       0.3984520000000000       8.1154100000000007       0.0000000000000000
 2454052.5177300000000000      11.5181000000000000      -0.1992260000000000       0.6184300000000000       0.0000000000000000
 2454053.5177300000000000      11.2544000000000000      -0.4441080000000000     -15.7566000000000010       0.0000000000000000
 2454054.5177300000000000      11.4301999999999990       0.2926130000000000       9.3785200000000000       0.0000000000000000
 2454055.5177300000000000      11.2544000000000000      -0.0435806000000000     -13.9510000000000010       0.0000000000000000
 2454056.5177300000000000      11.4301999999999990       0.3382690000000000      10.5847000000000000       0.0000000000000000
 2454057.5177300000000000      11.4301999999999990      -0.1411180000000000     -10.7474000000000010       0.0000000000000000
 2454058.5177300000000000      11.5181000000000000       0.3610970000000000       7.3464999999999998       0.0000000000000000
 2454059.5177300000000000      11.4301999999999990       0.5582470000000001      -8.7398399999999992       0.0000000000000000
 2454060.5177300000000000      11.5181000000000000      -0.1265910000000000       4.3166900000000004       0.0000000000000000
 2454061.5177300000000000      11.1663999999999990       0.7055910000000000      19.6104999999999980       0.0000000000000000
 2454062.5177300000000000      11.5181000000000000       0.1245160000000000      -2.2952499999999998       0.0000000000000000
 2454063.5177300000000000      11.6060000000000000      -0.1224410000000000      -0.9608490000000000       0.0000000000000000
 2454064.5177300000000000      11.5181000000000000       0.3590220000000000       4.3022499999999999       0.0000000000000000
 2454065.5177300000000000      11.1663999999999990       0.4005270000000000     -17.2014000000000000       0.0000000000000000
 2454066.5177300000000000      11.4301999999999990       0.3590220000000000      11.7563000000000000       0.0000000000000000
 2454067.5177300000000000      11.1663999999999990       0.2988390000000000     -17.8449999999999990       0.0000000000000000
 2454068.5177300000000000      11.5181000000000000       0.2988390000000000       5.1437499999999998       0.0000000000000000
 2454069.5177300000000000      11.4301999999999990       0.3175160000000000      12.8881999999999990       0.0000000000000000
 2454070.5177300000000000      11.4301999999999990       0.0103763000000000      11.9275000000000000       0.0000000000000000
 2454071.5177300000000000      11.5181000000000000      -1.8511400000000000      -5.9316199999999997       0.0000000000000000
 2454072.5177300000000000      11.4301999999999990       0.1162150000000000     -11.1888000000000010       0.0000000000000000
 2454073.5177300000000000      11.1663999999999990       0.4876880000000000     -18.5581999999999990       0.0000000000000000
 2454074.5177300000000000      11.4301999999999990       1.2057300000000000     -10.8958999999999990       0.0000000000000000
 2454075.5177300000000000      11.6060000000000000       1.9507500000000000      -3.9330599999999998       0.0000000000000000
 2454076.5177300000000000      11.5181000000000000       0.3631720000000000       7.4021900000000000       0.0000000000000000
 2454077.5177300000000000      11.2544000000000000       0.3195910000000000     -15.4595000000000000       0.0000000000000000
 2454078.5177300000000000      11.2544000000000000       1.3074200000000000     -15.2300000000000000       0.0000000000000000
 2454079.5177300000000000      11.6060000000000000      -0.2531830000000000      -2.5754100000000002       0.0000000000000000
 2454080.5177300000000000      11.6060000000000000      -0.2884620000000000       2.2412899999999998       0.0000000000000000
 2454081.5177300000000000      11.3423000000000000       0.5229680000000000     -14.5876000000000000       0.0000000000000000
 2454082.5177300000000000      11.3423000000000000      -1.2513900000000000     -14.3040000000000000       0.0000000000000000
 2454083.5177300000000000      11.3423000000000000      -1.2493099999999999     -14.0706000000000010       0.0000000000000000
 2454084.5177300000000000      11.3423000000000000      -1.2493099999999999     -13.8141000000000000       0.0000000000000000
 2454085.5177300000000000      11.3423000000000000      -1.2451600000000000     -13.5730000000000000       0.0000000000000000
 2454086.5177300000000000      11.3423000000000000      -1.2451600000000000     -13.3106000000000010       0.0000000000000000
 2454087.5177300000000000      11.6060000000000000      -0.2137530000000000       4.9828700000000001       0.0000000000000000
 2454088.5177300000000000      11.4301999999999990       0.3507200000000000      12.0992000000000000       0.0000000000000000
 2454089.5177300000000000      11.1663999999999990      -0.0062258100000000     -18.4866999999999990       0.0000000000000000
 2454090.5177300000000000      11.3423000000000000       0.3943010000000000      14.7188000000000000       0.0000000000000000
 2454091.5177300000000000      11.1663999999999990       0.3673230000000000     -18.7892000000000010       0.0000000000000000
 2454092.5177300000000000      11.4301999999999990       0.3901510000000000      13.1235000000000000       0.0000000000000000
 2454093.5177300000000000      11.3423000000000000       0.0083010800000000     -14.4777000000000000       0.0000000000000000
 2454094.5177300000000000      11.1663999999999990       0.1535700000000000     -19.1338000000000010       0.0000000000000000
 2454095.5177300000000000      11.1663999999999990      -0.4710860000000000     -18.9083000000000010       0.0000000000000000
 2454096.5177300000000000      11.2544000000000000       0.0166022000000000      17.2457999999999990       0.0000000000000000
 2454097.5177300000000000      11.3423000000000000       0.1805480000000000      15.9244000000000000       0.0000000000000000
 2454098.5177300000000000      11.6060000000000000       0.2573330000000000      -1.2202599999999999       0.0000000000000000
 2454099.5177300000000000      11.2544000000000000      -0.4295810000000000     -15.9823000000000000       0.0000000000000000
 2454100.5177300000000000      11.6060000000000000      -0.3382690000000000      -0.4544840000000000       0.0000000000000000
