Time P3114 A5334 A5335 A5016
 2454466.5000300002000000      11.0785000000000000      -7.1505599999999996     -18.4499999999999990       0.0000000000000000
 2454467.5000300002000000      11.1663999999999990      -3.3909899999999999     -15.9629999999999990       0.0000000000000000
 2454468.5000300002000000      11.5181000000000000       0.6557850000000000      -0.2926130000000000       0.0000000000000000
 2454469.5000300002000000      11.3423000000000000       2.0067800000000000      12.8824000000000010       0.0000000000000000
 2454470.5000300002000000      11.3423000000000000      -0.3901510000000000     -10.9000000000000000       0.0000000000000000
 2454471.5000300002000000      11.1663999999999990       0.2863870000000000      18.6700000000000020       0.0000000000000000
 2454472.5000300002000000      11.3423000000000000       0.1597960000000000     -13.5169999999999990       0.0000000000000000
 2454473.5000300002000000      11.1663999999999990       0.1680970000000000      17.3287000000000010       0.0000000000000000
 2454474.5000300002000000      11.1663999999999990       0.5852260000000000      18.2997000000000010       0.0000000000000000
 2454475.5000300002000000      11.4301999999999990      -0.8840640000000000      10.6233000000000000       0.0000000000000000
 2454476.5000300002000000      11.5181000000000000       0.6661610000000000       3.2685499999999998       0.0000000000000000
 2454477.5000300002000000      11.5181000000000000      -0.3548710000000000       3.2851499999999998       0.0000000000000000
 2454478.5000300002000000      11.1663999999999990       0.3963760000000000      18.1694999999999990       0.0000000000000000
 2454479.5000300002000000      11.1663999999999990      -0.1120650000000000      17.2746999999999990       0.0000000000000000
 2454480.5000300002000000      11.4301999999999990       0.5229680000000000       6.8680000000000003       0.0000000000000000
 2454481.5000300002000000      11.4301999999999990      -0.0643333000000000       7.0144399999999996       0.0000000000000000
 2454482.5000300002000000      11.1663999999999990      -0.1660220000000000      17.4985000000000000       0.0000000000000000
 2454483.5000300002000000      11.4301999999999990       0.2365810000000000       8.8008600000000001       0.0000000000000000
 2454484.5000300002000000      11.2544000000000000      -0.2718600000000000      15.8684999999999990       0.0000000000000000
 2454485.5000300002000000      11.2544000000000000      -0.1846990000000000      15.5540000000000000       0.0000000000000000
 2454486.5000300002000000      11.4301999999999990       0.1099890000000000      -6.8906900000000002       0.0000000000000000
 2454487.5000300002000000      11.4301999999999990      -0.0850860000000000      -7.8997999999999999       0.0000000000000000
 2454488.5000300002000000      11.3423000000000000       0.0747097000000000      12.5699000000000010       0.0000000000000000
 2454489.5000300002000000      11.4301999999999990      -0.0581075000000000      -9.0042600000000004       0.0000000000000000
 2454490.5000300002000000      11.5181000000000000       0.3175160000000000       0.6578600000000000       0.0000000000000000
 2454491.5000300002000000      11.5181000000000000      -0.3984520000000000       1.8781200000000000       0.0000000000000000
 2454492.5000300002000000      11.4301999999999990      -0.2656340000000000       7.7980999999999998       0.0000000000000000
 2454493.5000300002000000      11.0785000000000000       3.3951400000000000      18.7396999999999990       0.0000000000000000
 2454494.5000300002000000      11.0785000000000000       0.4710860000000000     -19.1705000000000010       0.0000000000000000
 2454495.5000300002000000      11.0785000000000000      -0.5935270000000000     -19.1392999999999990       0.0000000000000000
 2454496.5000300002000000      11.0785000000000000       0.4710860000000000     -19.1155000000000010       0.0000000000000000
 2454497.5000300002000000      11.0785000000000000      -0.5935270000000000     -19.0715000000000000       0.0000000000000000
 2454498.5000300002000000      11.0785000000000000       0.4627850000000000     -19.0348000000000010       0.0000000000000000
 2454499.5000300002000000      11.0785000000000000      -0.5997530000000000     -18.9780000000000020       0.0000000000000000
 2454500.5000300002000000      11.0785000000000000       0.4565590000000000     -18.9302999999999990       0.0000000000000000
 2454501.5000300002000000      11.0785000000000000      -0.6018280000000000     -18.8625000000000010       0.0000000000000000
 2454502.5000300002000000      11.2544000000000000      13.1793999999999990       4.4260000000000002       0.0000000000000000
 2454503.5000300002000000      11.3423000000000000       0.1452690000000000      -9.7609100000000009       0.0000000000000000
 2454504.5000300002000000      11.3423000000000000      -0.1099890000000000     -10.7555000000000000       0.0000000000000000
 2454505.5000300002000000      11.4301999999999990       0.4109030000000000       5.5026200000000003       0.0000000000000000
 2454506.5000300002000000      11.3423000000000000      -0.3382690000000000     -11.4552000000000000       0.0000000000000000
 2454507.5000300002000000      10.9906000000000010     -15.1165000000000000     -11.0139000000000000       0.0000000000000000
 2454508.5000300002000000      11.0785000000000000       0.3403440000000000      18.6864999999999990       0.0000000000000000
 2454509.5000300002000000      11.4301999999999990      -0.2739350000000000       3.4096700000000002       0.0000000000000000
 2454510.5000300002000000      11.4301999999999990       0.0083010800000000       8.2272800000000004       0.0000000000000000
 2454511.5000300002000000      11.4301999999999990      -0.3424190000000000      -0.1514950000000000       0.0000000000000000
 2454512.5000300002000000      11.2544000000000000       0.3901510000000000     -11.7359000000000010       0.0000000000000000
 2454513.5000300002000000      11.4301999999999990       0.6059780000000000       3.0381900000000002       0.0000000000000000
 2454514.5000300002000000      11.4301999999999990       0.2407310000000000      -3.8588100000000001       0.0000000000000000
 2454515.5000300002000000      10.4631000000000010     -19.3627000000000000      19.6600000000000000       0.0000000000000000
 2454516.5000300002000000      11.1663999999999990       0.1348920000000000      17.0219999999999980       0.0000000000000000
 2454517.5000300002000000      11.3423000000000000      -0.4316560000000000       9.0449400000000004       0.0000000000000000
 2454518.5000300002000000      11.3423000000000000      -0.0871613000000000      -8.2028700000000008       0.0000000000000000
 2454519.5000300002000000      11.3423000000000000      -1.4838199999999999      -9.5554799999999993       0.0000000000000000
 2454520.5000300002000000      11.2544000000000000       2.1728100000000001     -10.8613000000000000       0.0000000000000000
 2454521.5000300002000000      11.0785000000000000      -0.0954624000000000     -17.5486000000000000       0.0000000000000000
 2454522.5000300002000000      10.9026999999999990     -10.0482000000000000      19.0642000000000000       0.0000000000000000
 2454523.5000300002000000      11.3423000000000000      -0.5229680000000000       6.4554999999999998       0.0000000000000000
 2454524.5000300002000000      11.3423000000000000      -0.2697850000000000       5.9976200000000004       0.0000000000000000
 2454525.5000300002000000      11.3423000000000000       0.4254300000000000       6.6885599999999998       0.0000000000000000
 2454526.5000300002000000      11.3423000000000000       0.2718600000000000      -6.7504400000000002       0.0000000000000000
 2454527.5000300002000000      11.4301999999999990      -0.5271180000000000       0.5623980000000000       0.0000000000000000
 2454528.5000300002000000      11.2544000000000000       0.1701720000000000      12.9981000000000010       0.0000000000000000
 2454529.5000300002000000      11.2544000000000000       0.6142800000000001     -12.1609000000000000       0.0000000000000000
 2454530.5000300002000000      11.0785000000000000       0.0498065000000000      16.8735000000000000       0.0000000000000000
 2454531.5000300002000000      11.0785000000000000       0.5208930000000001      16.4954000000000000       0.0000000000000000
 2454532.5000300002000000      11.3423000000000000       0.0830108000000000       8.9839199999999995       0.0000000000000000
 2454533.5000300002000000      11.3423000000000000       0.6744620000000000       2.6438899999999999       0.0000000000000000
 2454534.5000300002000000      11.3423000000000000       0.1369680000000000       7.4269400000000001       0.0000000000000000
 2454535.5000300002000000      11.3423000000000000      -0.5208930000000001       6.0739400000000003       0.0000000000000000
 2454536.5000300002000000      11.2544000000000000       0.0850860000000000      11.6668000000000000       0.0000000000000000
 2454537.5000300002000000      11.3423000000000000      -0.1120650000000000       3.5611600000000001       0.0000000000000000
 2454538.5000300002000000      11.0785000000000000       0.2282800000000000      17.0702000000000000       0.0000000000000000
 2454539.5000300002000000      11.3423000000000000      -0.1514950000000000       4.6405000000000003       0.0000000000000000
 2454540.5000300002000000      11.3423000000000000       0.1286670000000000       3.8711899999999999       0.0000000000000000
 2454541.5000300002000000      10.9906000000000010      -0.5561720000000000      17.9439999999999990       0.0000000000000000
 2454542.5000300002000000      10.9026999999999990       0.0830108000000000     -18.1475000000000010       0.0000000000000000
 2454543.5000300002000000      10.9906000000000010      -0.3797740000000000     -17.2805000000000000       0.0000000000000000
 2454544.5000300002000000      11.3423000000000000       0.4337310000000000       1.3821300000000001       0.0000000000000000
 2454545.5000300002000000      10.9026999999999990      -0.4088280000000000     -18.5398000000000000       0.0000000000000000
 2454546.5000300002000000      11.0785000000000000      -0.7803010000000000     -14.1458999999999990       0.0000000000000000
 2454547.5000300002000000      11.0785000000000000      -0.2926130000000000     -12.6450999999999990       0.0000000000000000
 2454548.5000300002000000      11.2544000000000000       0.0373548000000000      -6.8226300000000002       0.0000000000000000
 2454549.5000300002000000      11.2544000000000000      -0.2905380000000000      -8.9818899999999999       0.0000000000000000
 2454550.5000300002000000      11.3423000000000000       0.0228280000000000      -2.1852600000000000       0.0000000000000000
 2454551.5000300002000000      10.8148000000000000       0.5623980000000000     -19.3922999999999990       0.0000000000000000
 2454552.5000300002000000      11.2544000000000000      -0.0290538000000000       7.2908099999999996       0.0000000000000000
 2454553.5000300002000000      11.0785000000000000       1.1164900000000000      14.0474999999999990       0.0000000000000000
 2454554.5000300002000000      11.0785000000000000      -0.0684839000000000      13.9993000000000000       0.0000000000000000
 2454555.5000300002000000      11.1663999999999990       0.7014410000000000      -8.4408499999999993       0.0000000000000000
 2454556.5000300002000000      11.2544000000000000      -0.0311290000000000      -6.7628100000000000       0.0000000000000000
 2454557.5000300002000000      11.1663999999999990      -0.5603230000000000      -9.6795500000000008       0.0000000000000000
 2454558.5000300002000000      10.8148000000000000      -0.0933871000000000      19.1392999999999990       0.0000000000000000
 2454559.5000300002000000      10.9906000000000010      -8.4157100000000007      10.9671000000000000       0.0000000000000000
 2454560.5000300002000000      10.9026999999999990      -0.0850860000000000     -17.1531999999999980       0.0000000000000000
 2454561.5000300002000000      10.9026999999999990      -0.0415054000000000     -16.1945000000000010       0.0000000000000000
 2454562.5000300002000000      11.2544000000000000      -0.0435806000000000       3.6462500000000002       0.0000000000000000
 2454563.5000300002000000      10.9026999999999990      -0.4565590000000000      16.2678000000000010       0.0000000000000000
 2454564.5000300002000000      11.2544000000000000      -0.0726344000000000       0.0601828000000000       0.0000000000000000
 2454565.5000300002000000      10.8148000000000000       0.1411180000000000     -17.6412000000000010       0.0000000000000000
 2454566.5000300002000000      10.9026999999999990      -0.0560323000000000     -15.0101000000000000       0.0000000000000000
 2454567.5000300002000000      11.0785000000000000       0.0892366000000000     -12.2034000000000000       0.0000000000000000
 2454568.5000300002000000      11.1663999999999990       0.2801610000000000       8.7398399999999992       0.0000000000000000
 2454569.5000300002000000      11.2544000000000000      -0.9027420000000000       1.1891300000000000       0.0000000000000000
 2454570.5000300002000000      10.7269000000000010       0.0083010800000000     -18.4078000000000020       0.0000000000000000
 2454571.5000300002000000      11.2544000000000000       0.6329570000000000       2.5588099999999998       0.0000000000000000
 2454572.5000300002000000      10.8148000000000000      -0.1307420000000000     -17.5197000000000000       0.0000000000000000
 2454573.5000300002000000      10.9906000000000010      -0.7242690000000001     -12.9480000000000000       0.0000000000000000
 2454574.5000300002000000      11.1663999999999990      -0.0892366000000000       8.3188099999999991       0.0000000000000000
 2454575.5000300002000000      11.1663999999999990       4.9168700000000003       0.9110430000000001       0.0000000000000000
 2454576.5000300002000000      11.1663999999999990       0.2573330000000000       0.1888490000000000       0.0000000000000000
 2454577.5000300002000000      11.1663999999999990      -0.6869140000000000       0.1784730000000000       0.0000000000000000
 2454578.5000300002000000      11.0785000000000000      -0.0581075000000000      -7.4846899999999996       0.0000000000000000
 2454579.5000300002000000      11.1663999999999990      -0.0518817000000000      -3.9021200000000000       0.0000000000000000
 2454580.5000300002000000      10.9026999999999990       0.1265910000000000      15.6929000000000000       0.0000000000000000
 2454581.5000300002000000      11.1663999999999990       1.7868100000000000       0.5686240000000000       0.0000000000000000
 2454582.5000300002000000      10.8148000000000000      -0.0477312000000000      16.2079999999999980       0.0000000000000000
 2454583.5000300002000000      10.8148000000000000       0.4627850000000000      17.0162000000000010       0.0000000000000000
 2454584.5000300002000000      11.1663999999999990      -0.3092150000000000      -0.2988390000000000       0.0000000000000000
 2454585.5000300002000000      10.6389000000000000      -0.2573330000000000     -18.9468000000000000       0.0000000000000000
 2454586.5000300002000000      10.9906000000000010       0.2096020000000000      11.4044000000000010       0.0000000000000000
 2454587.5000300002000000      10.8148000000000000      -0.3610970000000000      15.7296000000000000       0.0000000000000000
 2454588.5000300002000000      11.0785000000000000      -0.0601828000000000       7.0226899999999999       0.0000000000000000
 2454589.5000300002000000      10.7269000000000010      -0.5499460000000001      17.3267999999999990       0.0000000000000000
 2454590.5000300002000000      10.8148000000000000      11.3698000000000000      -9.3825900000000004       0.0000000000000000
 2454591.5000300002000000      10.9026999999999990      -0.9795270000000000      13.8256999999999990       0.0000000000000000
 2454592.5000300002000000      10.9026999999999990       0.1909250000000000      14.4989000000000010       0.0000000000000000
 2454593.5000300002000000      10.9026999999999990      -1.1434700000000000      13.2700999999999990       0.0000000000000000
 2454594.5000300002000000      11.1663999999999990      -0.9463230000000000       1.6228600000000000       0.0000000000000000
 2454595.5000300002000000      10.6389000000000000      -0.1058390000000000      19.1374999999999990       0.0000000000000000
 2454596.5000300002000000      10.9906000000000010       0.2262040000000000      10.6294000000000000       0.0000000000000000
 2454597.5000300002000000      10.6389000000000000      -0.0643333000000000      18.9890000000000010       0.0000000000000000
 2454598.5000300002000000      11.0785000000000000       0.0954624000000000      -1.3593000000000000       0.0000000000000000
 2454599.5000300002000000      10.9026999999999990     -10.0602000000000000       3.3619400000000002       0.0000000000000000
 2454600.5000300002000000      11.0785000000000000       0.0332043000000000      -1.9569799999999999       0.0000000000000000
 2454601.5000300002000000      10.6389000000000000      -0.0684839000000000      18.6462000000000000       0.0000000000000000
 2454602.5000300002000000      10.7269000000000010       0.0124516000000000      17.5621000000000010       0.0000000000000000
 2454603.5000300002000000      10.6389000000000000      -0.0456559000000000      18.4426999999999990       0.0000000000000000
 2454604.5000300002000000      10.9026999999999990      -0.0103763000000000     -12.0489999999999990       0.0000000000000000
 2454605.5000300002000000      10.6389000000000000      -0.0394301000000000      18.2227000000000000       0.0000000000000000
 2454606.5000300002000000      10.8148000000000000      -0.1162150000000000     -13.8777000000000010       0.0000000000000000
 2454607.5000300002000000      10.8148000000000000       9.8138000000000005      10.2348000000000000       0.0000000000000000
 2454608.5000300002000000      10.9906000000000010      -0.8653870000000000       8.0279399999999992       0.0000000000000000
 2454609.5000300002000000      10.6389000000000000      -0.0933871000000000      17.7459999999999990       0.0000000000000000
 2454610.5000300002000000      10.9906000000000010      -1.6539900000000001       9.7710799999999995       0.0000000000000000
 2454611.5000300002000000      10.6389000000000000      -0.0933871000000000      17.4387000000000010       0.0000000000000000
 2454612.5000300002000000      10.9906000000000010      -0.0705591000000000      -5.9811199999999998       0.0000000000000000
 2454613.5000300002000000      10.6389000000000000      -0.0207527000000000      17.1050000000000000       0.0000000000000000
 2454614.5000300002000000      10.9026999999999990      -0.0684839000000000      -8.8862900000000007       0.0000000000000000
 2454615.5000300002000000      10.7269000000000010      -0.0145269000000000      16.7693000000000010       0.0000000000000000
 2454616.5000300002000000      10.9026999999999990      -0.0643333000000000      -9.9765200000000007       0.0000000000000000
 2454617.5000300002000000      10.7269000000000010      -0.0083010800000000      16.4221000000000000       0.0000000000000000
 2454618.5000300002000000      10.9026999999999990       0.0892366000000000      11.2722000000000000       0.0000000000000000
 2454619.5000300002000000      10.7269000000000010      -0.0062258100000000      16.0575000000000010       0.0000000000000000
 2454620.5000300002000000      10.8148000000000000       0.1597960000000000      13.8199000000000010       0.0000000000000000
 2454621.5000300002000000      10.7269000000000010       0.0000000000000000      15.6698000000000000       0.0000000000000000
 2454622.5000300002000000      10.7269000000000010       0.0560323000000000      15.5058000000000010       0.0000000000000000
 2454623.5000300002000000      10.7269000000000010       0.0020752700000000      15.1972000000000000       0.0000000000000000
 2454624.5000300002000000      10.5510000000000000       0.1577200000000000      19.4253000000000000       0.0000000000000000
 2454625.5000300002000000      10.7269000000000010       0.0062258100000000      14.7766000000000000       0.0000000000000000
 2454626.5000300002000000      10.9026999999999990      -0.0166022000000000      -8.4286399999999997       0.0000000000000000
 2454627.5000300002000000      10.7269000000000010       0.0103763000000000      14.3503000000000010       0.0000000000000000
 2454628.5000300002000000      10.9906000000000010       0.0705591000000000      -0.5146670000000000       0.0000000000000000
 2454629.5000300002000000      10.7269000000000010       0.0145269000000000      13.9086000000000000       0.0000000000000000
 2454630.5000300002000000      10.9026999999999990      -0.0747097000000000      -9.6287000000000003       0.0000000000000000
 2454631.5000300002000000      10.8148000000000000       0.0166022000000000      13.4495000000000000       0.0000000000000000
 2454632.5000300002000000      10.9906000000000010      -0.0062258100000000      -0.5748490000000001       0.0000000000000000
 2454633.5000300002000000      10.8148000000000000       0.0186774000000000      12.9750000000000000       0.0000000000000000
 2454634.5000300002000000      10.9906000000000010      -0.0518817000000000      -4.8715000000000002       0.0000000000000000
 2454635.5000300002000000      10.8148000000000000       0.0228280000000000      12.4985000000000000       0.0000000000000000
 2454636.5000300002000000      10.9906000000000010      -0.0394301000000000      -2.7850100000000002       0.0000000000000000
 2454637.5000300002000000      10.8148000000000000       0.0269785000000000      12.0105000000000000       0.0000000000000000
 2454638.5000300002000000      10.9026999999999990       0.0290538000000000      -8.3696599999999997       0.0000000000000000
 2454639.5000300002000000      10.8148000000000000       0.0290538000000000      11.4898000000000010       0.0000000000000000
 2454640.5000300002000000      10.5510000000000000      -0.1120650000000000     -18.2079999999999980       0.0000000000000000
 2454641.5000300002000000      10.8148000000000000       0.0332043000000000      10.9406000000000000       0.0000000000000000
 2454642.5000300002000000      10.5510000000000000       0.1660220000000000      19.2914999999999990       0.0000000000000000
 2454643.5000300002000000      10.9026999999999990       0.0000000000000000      10.3935000000000000       0.0000000000000000
 2454644.5000300002000000      10.5510000000000000       0.1597960000000000      19.2107999999999990       0.0000000000000000
 2454645.5000300002000000      10.9026999999999990       0.0311290000000000       9.8443100000000001       0.0000000000000000
 2454646.5000300002000000      10.9906000000000010       0.9629250000000000       5.2448100000000002       0.0000000000000000
 2454647.5000300002000000      10.9026999999999990       0.0290538000000000       9.2768200000000007       0.0000000000000000
 2454648.5000300002000000      10.7269000000000010      -0.0477312000000000     -13.0888000000000010       0.0000000000000000
 2454649.5000300002000000      10.9026999999999990       0.0228280000000000       8.6951000000000001       0.0000000000000000
 2454650.5000300002000000      10.6389000000000000       0.1660220000000000      17.2053000000000010       0.0000000000000000
 2454651.5000300002000000      10.9026999999999990       0.0228280000000000       8.1235400000000002       0.0000000000000000
 2454652.5000300002000000      10.3752000000000000      11.5427000000000000      18.8679999999999990       0.0000000000000000
 2454653.5000300002000000      10.9026999999999990       0.0186774000000000       7.5300599999999998       0.0000000000000000
 2454654.5000300002000000      10.4631000000000010      10.0172000000000010      17.5215999999999990       0.0000000000000000
 2454655.5000300002000000      10.9026999999999990       0.0166022000000000       6.9216300000000004       0.0000000000000000
 2454656.5000300002000000      10.5510000000000000       8.5222099999999994      16.1327000000000000       0.0000000000000000
 2454657.5000300002000000      10.9906000000000010       0.0145269000000000       6.3173100000000000       0.0000000000000000
 2454658.5000300002000000      10.6389000000000000       7.0536300000000001      14.7766000000000000       0.0000000000000000
 2454659.5000300002000000      10.9906000000000010       0.0124516000000000       5.7088799999999997       0.0000000000000000
 2454660.5000300002000000      10.8148000000000000       7.6971200000000000       8.8415400000000002       0.0000000000000000
 2454661.5000300002000000      10.9906000000000010       0.0083010800000000       5.0921900000000004       0.0000000000000000
 2454662.5000300002000000      10.9906000000000010      -0.0020752700000000      -3.3598599999999998       0.0000000000000000
 2454663.5000300002000000      10.9906000000000010       0.0062258100000000       4.4631299999999996       0.0000000000000000
 2454664.5000300002000000      10.9026999999999990       0.0601828000000000       8.3452500000000001       0.0000000000000000
 2454665.5000300002000000      10.9906000000000010       0.0020752700000000       3.8485000000000000       0.0000000000000000
 2454666.5000300002000000      10.5510000000000000      -0.0933871000000000     -17.7038000000000010       0.0000000000000000
 2454667.5000300002000000      10.9906000000000010      -0.0020752700000000       3.2166700000000001       0.0000000000000000
 2454668.5000300002000000      10.8148000000000000      -0.0560323000000000     -10.8796000000000000       0.0000000000000000
 2454669.5000300002000000      10.9906000000000010      -0.0041505400000000       2.5774800000000000       0.0000000000000000
 2454670.5000300002000000      10.9906000000000010      -0.1639460000000000      -1.0127299999999999       0.0000000000000000
 2454671.5000300002000000      10.9906000000000010      -0.0062258100000000       1.9507500000000000       0.0000000000000000
 2454672.5000300002000000      10.9906000000000010       0.0498065000000000       5.8697499999999998       0.0000000000000000
 2454673.5000300002000000      10.9906000000000010      -0.0103763000000000       1.3115699999999999       0.0000000000000000
 2454674.5000300002000000      10.9906000000000010       0.0186774000000000       2.8493400000000002       0.0000000000000000
 2454675.5000300002000000      10.9906000000000010      -0.0145269000000000       0.6723870000000000       0.0000000000000000
 2454676.5000300002000000      10.9026999999999990      -0.0830108000000000      -7.8997999999999999       0.0000000000000000
 2454677.5000300002000000      10.9906000000000010      -0.0166022000000000       0.0311290000000000       0.0000000000000000
 2454678.5000300002000000      10.6389000000000000       7.2103700000000002     -15.0062000000000000       0.0000000000000000
 2454679.5000300002000000      10.9906000000000010      -0.0207527000000000      -0.6059780000000000       0.0000000000000000
 2454680.5000300002000000      10.5510000000000000      -0.0643333000000000     -18.1877999999999990       0.0000000000000000
 2454681.5000300002000000      10.9906000000000010      -0.0228280000000000      -1.3157200000000000       0.0000000000000000
 2454682.5000300002000000      10.8148000000000000      -0.0726344000000000     -11.8909000000000000       0.0000000000000000
 2454683.5000300002000000      10.9906000000000010       0.1743230000000000      -2.1582800000000000       0.0000000000000000
 2454684.5000300002000000      10.8148000000000000      -0.0145269000000000     -11.9565000000000000       0.0000000000000000
 2454685.5000300002000000      10.9906000000000010       0.7035160000000000      -1.8905700000000001       0.0000000000000000
 2454686.5000300002000000      10.9026999999999990       0.0062258100000000      -9.8849900000000002       0.0000000000000000
 2454687.5000300002000000      10.9906000000000010      -0.4461830000000000      -2.9551799999999999       0.0000000000000000
 2454688.5000300002000000      10.6389000000000000      -0.1120650000000000     -17.2226000000000000       0.0000000000000000
 2454689.5000300002000000      10.9906000000000010      -0.5727740000000000      -2.7165300000000001       0.0000000000000000
 2454690.5000300002000000      10.9906000000000010       0.0684839000000000      -3.3889100000000001       0.0000000000000000
 2454691.5000300002000000      10.9906000000000010       3.8650000000000002      -2.3222299999999998       0.0000000000000000
 2454692.5000300002000000      10.5510000000000000      -0.1452690000000000     -19.2474999999999990       0.0000000000000000
 2454693.5000300002000000      10.9906000000000010      -1.1849799999999999      -7.3526899999999999       0.0000000000000000
 2454694.5000300002000000      10.9906000000000010      -0.0539570000000000       9.6612500000000008       0.0000000000000000
 2454695.5000300002000000      11.0785000000000000       1.3385499999999999       2.4965500000000000       0.0000000000000000
 2454696.5000300002000000      11.0785000000000000       0.2013010000000000       3.4636200000000001       0.0000000000000000
 2454697.5000300002000000      10.9906000000000010      -0.7886020000000000      -3.7660000000000000       0.0000000000000000
 2454698.5000300002000000      10.9026999999999990      -0.0726344000000000     -11.9544999999999990       0.0000000000000000
 2454699.5000300002000000      10.9026999999999990      -1.9715100000000001     -10.3670000000000010       0.0000000000000000
 2454700.5000300002000000      10.7269000000000010       4.6013099999999998      15.6023000000000000       0.0000000000000000
 2454701.5000300002000000      10.8148000000000000      -3.1834600000000002     -12.8322000000000000       0.0000000000000000
 2454702.5000300002000000      10.8148000000000000       0.0518817000000000      13.8102000000000000       0.0000000000000000
 2454703.5000300002000000      10.8148000000000000      -2.5650300000000001     -13.1081000000000000       0.0000000000000000
 2454704.5000300002000000      10.6389000000000000       0.1016880000000000      18.3069999999999990       0.0000000000000000
 2454705.5000300002000000      11.0785000000000000       5.7686900000000003       0.9400970000000000       0.0000000000000000
 2454706.5000300002000000      11.0785000000000000       0.0373548000000000       7.6847500000000002       0.0000000000000000
 2454707.5000300002000000      11.0785000000000000       1.7536000000000000      -1.1040399999999999       0.0000000000000000
 2454708.5000300002000000      11.0785000000000000       0.0207527000000000       1.7058700000000000       0.0000000000000000
 2454709.5000300002000000      11.0785000000000000       1.1891300000000000       1.6581399999999999       0.0000000000000000
 2454710.5000300002000000      11.0785000000000000       0.0332043000000000       3.6379500000000000       0.0000000000000000
 2454711.5000300002000000      11.0785000000000000      -1.1891300000000000      -6.2059400000000000       0.0000000000000000
 2454712.5000300002000000      11.0785000000000000       0.1701720000000000      -4.9478099999999996       0.0000000000000000
 2454713.5000300002000000      10.6389000000000000      -0.1182900000000000     -19.4052000000000010       0.0000000000000000
 2454714.5000300002000000      10.5510000000000000      -0.0954624000000000     -19.7388000000000010       0.0000000000000000
 2454715.5000300002000000      11.0785000000000000      -1.2119599999999999       3.2976000000000001       0.0000000000000000
 2454716.5000300002000000      11.1663999999999990      -0.1224410000000000       3.7804400000000000       0.0000000000000000
 2454717.5000300002000000      11.0785000000000000      -2.6604899999999998       1.7411500000000000       0.0000000000000000
 2454718.5000300002000000      11.1663999999999990      -0.1265910000000000       3.2519499999999999       0.0000000000000000
 2454719.5000300002000000      11.1663999999999990       0.8550110000000000       3.0464899999999999       0.0000000000000000
 2454720.5000300002000000      11.1663999999999990      -0.1348920000000000       2.7206800000000002       0.0000000000000000
 2454721.5000300002000000      11.1663999999999990       0.8612370000000000       2.5173000000000001       0.0000000000000000
 2454722.5000300002000000      11.1663999999999990      -0.1431940000000000       2.1852600000000000       0.0000000000000000
 2454723.5000300002000000      11.1663999999999990       0.8529350000000000       1.9881100000000000       0.0000000000000000
 2454724.5000300002000000      11.1663999999999990      -0.1494190000000000       1.6602200000000000       0.0000000000000000
 2454725.5000300002000000      11.0785000000000000       0.4420320000000000       9.3663200000000000       0.0000000000000000
 2454726.5000300002000000      11.1663999999999990       0.1494190000000000      -3.2872300000000001       0.0000000000000000
 2454727.5000300002000000      10.9906000000000010      -0.3548710000000000     -10.8939000000000000       0.0000000000000000
 2454728.5000300002000000      10.8148000000000000      -0.0062258100000000     -15.6755999999999990       0.0000000000000000
 2454729.5000300002000000      10.9026999999999990      -0.3922260000000000     -14.8287000000000000       0.0000000000000000
 2454730.5000300002000000      11.1663999999999990      -0.1141400000000000       4.9292499999999997       0.0000000000000000
 2454731.5000300002000000      10.9906000000000010      -0.3756240000000000     -13.0733000000000000       0.0000000000000000
 2454732.5000300002000000      11.1663999999999990       0.1016880000000000      -5.1849999999999996       0.0000000000000000
 2454733.5000300002000000      10.9026999999999990       0.4814620000000000      15.8009000000000000       0.0000000000000000
 2454734.5000300002000000      10.9026999999999990       0.0228280000000000      16.6902000000000010       0.0000000000000000
 2454735.5000300002000000      10.9906000000000010      -0.4482580000000000     -13.5440000000000000       0.0000000000000000
 2454736.5000300002000000      10.9906000000000010       0.7118170000000000      13.8102000000000000       0.0000000000000000
 2454737.5000300002000000      11.1663999999999990      -0.3341180000000000      -7.6991899999999998       0.0000000000000000
 2454738.5000300002000000      10.9906000000000010       0.3154410000000000     -12.8668999999999990       0.0000000000000000
 2454739.5000300002000000      11.1663999999999990       0.2448820000000000       6.0182500000000001       0.0000000000000000
 2454740.5000300002000000      10.9906000000000010       0.0352796000000000      13.3588000000000000       0.0000000000000000
 2454741.5000300002000000      11.1663999999999990      -0.4005270000000000      -8.4083000000000006       0.0000000000000000
 2454742.5000300002000000      11.0785000000000000       0.2843120000000000      10.8389000000000010       0.0000000000000000
 2454743.5000300002000000      11.2544000000000000       0.2345050000000000       0.3341180000000000       0.0000000000000000
 2454744.5000300002000000      10.9026999999999990       0.1452690000000000      17.2476999999999980       0.0000000000000000
 2454745.5000300002000000      11.2544000000000000       1.4755199999999999      -0.7325700000000001       0.0000000000000000
 2454746.5000300002000000      11.2544000000000000       0.0290538000000000       0.1556450000000000       0.0000000000000000
 2454747.5000300002000000      10.8148000000000000      -0.1141400000000000     -18.2867999999999990       0.0000000000000000
 2454748.5000300002000000      11.1663999999999990       5.3974399999999996      -7.6043099999999999       0.0000000000000000
 2454749.5000300002000000      11.2544000000000000      -0.2697850000000000       3.1357300000000001       0.0000000000000000
 2454750.5000300002000000      10.9026999999999990       0.3361940000000000      17.5120000000000000       0.0000000000000000
 2454751.5000300002000000      11.2544000000000000       0.4814620000000000      -1.3572299999999999       0.0000000000000000
 2454752.5000300002000000      11.0785000000000000      -0.1286670000000000      13.9356000000000010       0.0000000000000000
 2454753.5000300002000000      11.2544000000000000      -0.1618710000000000       8.1479499999999998       0.0000000000000000
 2454754.5000300002000000      11.2544000000000000       0.9276450000000001       6.7958100000000004       0.0000000000000000
 2454755.5000300002000000      11.0785000000000000      -0.1348920000000000      13.3299000000000000       0.0000000000000000
 2454756.5000300002000000      11.2544000000000000       0.3029890000000000      -3.7618700000000000       0.0000000000000000
 2454757.5000300002000000      10.8148000000000000      -0.2013010000000000     -19.3024999999999980       0.0000000000000000
 2454761.5000300002000000      10.8148000000000000       4.0238100000000001     -19.6215000000000010       0.0000000000000000
 2454762.5000300002000000      10.8148000000000000      -0.8072800000000000     -19.6032000000000010       0.0000000000000000
 2454763.5000300002000000      10.8148000000000000       0.2843120000000000     -19.6655000000000020       0.0000000000000000
 2454764.5000300002000000      10.8148000000000000       1.3758999999999999     -19.6875000000000000       0.0000000000000000
 2454765.5000300002000000      10.8148000000000000       2.4695700000000000     -19.7517000000000000       0.0000000000000000
 2454766.5000300002000000      10.8148000000000000      -0.8072800000000000     -19.7407000000000000       0.0000000000000000
 2454767.5000300002000000      10.8148000000000000       0.2905380000000000     -19.7791999999999990       0.0000000000000000
 2454768.5000300002000000      10.8148000000000000       1.3904300000000001     -19.7773000000000000       0.0000000000000000
 2454769.5000300002000000      10.8148000000000000       2.4882499999999999     -19.8157999999999990       0.0000000000000000
 2454770.5000300002000000      10.8148000000000000      -0.8031290000000000     -19.7791999999999990       0.0000000000000000
 2454771.5000300002000000      11.0785000000000000       4.8941900000000000     -13.7697000000000000       0.0000000000000000
 2454772.5000300002000000      11.3423000000000000       0.0747097000000000       6.0388799999999998       0.0000000000000000
 2454773.5000300002000000      10.9026999999999990      -3.1627100000000001     -18.5637000000000010       0.0000000000000000
 2454774.5000300002000000      11.3423000000000000       0.2594090000000000      -3.8051900000000001       0.0000000000000000
 2454775.5000300002000000      10.9026999999999990      -0.2614840000000000     -19.7002999999999990       0.0000000000000000
 2454776.5000300002000000      11.3423000000000000       0.0290538000000000       7.7095000000000002       0.0000000000000000
 2454777.5000300002000000      10.9026999999999990      -0.2614840000000000     -19.6177999999999990       0.0000000000000000
 2454778.5000300002000000      11.0785000000000000       0.1099890000000000     -15.6099999999999990       0.0000000000000000
 2454779.5000300002000000      10.9026999999999990      -0.1763980000000000     -19.5078000000000000       0.0000000000000000
 2454780.5000300002000000      11.3423000000000000       0.2905380000000000      -2.8680200000000000       0.0000000000000000
 2454781.5000300002000000      10.9026999999999990      -0.1743230000000000     -19.3777000000000010       0.0000000000000000
 2454782.5000300002000000      11.3423000000000000      -0.2241290000000000       8.4835600000000007       0.0000000000000000
 2454783.5000300002000000      10.9026999999999990      -0.1680970000000000     -19.2218000000000020       0.0000000000000000
 2454784.5000300002000000      11.3423000000000000      -5.0241300000000004       3.3349600000000001       0.0000000000000000
 2454785.5000300002000000      10.9906000000000010      -0.1680970000000000     -19.0402999999999980       0.0000000000000000
 2454786.5000300002000000      11.0785000000000000       0.3818490000000000      17.2805000000000000       0.0000000000000000
 2454787.5000300002000000      10.9906000000000010      -0.1639460000000000     -18.9065000000000010       0.0000000000000000
 2454788.5000300002000000      11.1663999999999990       0.3735480000000000      15.6736000000000000       0.0000000000000000
 2454789.5000300002000000      10.9906000000000010      -0.2013010000000000     -18.6828000000000000       0.0000000000000000
 2454790.5000300002000000      11.2544000000000000       0.2967630000000000      -9.4863199999999992       0.0000000000000000
 2454791.5000300002000000      10.9906000000000010      -0.1577200000000000     -18.4372000000000010       0.0000000000000000
 2454792.5000300002000000      11.3423000000000000       7.9384499999999996       0.1473440000000000       0.0000000000000000
 2454793.5000300002000000      10.9906000000000010      -0.1514950000000000     -18.1712999999999990       0.0000000000000000
 2454794.5000300002000000      11.4301999999999990       0.0643333000000000      -3.3245800000000001       0.0000000000000000
 2454795.5000300002000000      11.0785000000000000      -0.1411180000000000     -17.8780000000000000       0.0000000000000000
 2454796.5000300002000000      11.4301999999999990       0.2635590000000000       4.7498100000000001       0.0000000000000000
 2454797.5000300002000000      11.0785000000000000      -0.2552580000000000     -17.5601999999999980       0.0000000000000000
 2454798.5000300002000000      11.1663999999999990      -0.0020752700000000     -14.5606000000000010       0.0000000000000000
 2454799.5000300002000000      11.0785000000000000      -0.1411180000000000     -17.2109999999999990       0.0000000000000000
 2454800.5000300002000000      11.0785000000000000       0.2033760000000000     -16.8137000000000010       0.0000000000000000
 2454801.5000300002000000      11.3423000000000000       0.1660220000000000       7.5341899999999997       0.0000000000000000
 2454802.5000300002000000      11.1663999999999990      -1.1164900000000000     -12.8958999999999990       0.0000000000000000
 2454803.5000300002000000      11.0785000000000000      -0.1203660000000000     -16.4548999999999990       0.0000000000000000
 2454804.5000300002000000      11.4301999999999990       0.2365810000000000       5.5871899999999997       0.0000000000000000
 2454805.5000300002000000      11.3423000000000000      -0.5105160000000000       8.0625199999999992       0.0000000000000000
 2454806.5000300002000000      11.4301999999999990       0.2262040000000000       3.6979400000000000       0.0000000000000000
 2454807.5000300002000000      11.3423000000000000       0.4026020000000000      -9.1263000000000005       0.0000000000000000
 2454808.5000300002000000      11.3423000000000000      -0.2905380000000000      -8.3676200000000005       0.0000000000000000
 2454809.5000300002000000      11.1663999999999990       0.0933871000000000      17.5274000000000000       0.0000000000000000
 2454810.5000300002000000      11.3423000000000000       0.2490320000000000      12.3133000000000000       0.0000000000000000
 2454811.5000300002000000      11.4301999999999990       0.4503330000000000      -6.5214999999999996       0.0000000000000000
 2454812.5000300002000000      11.3423000000000000       0.2241290000000000       9.2869899999999994       0.0000000000000000
 2454813.5000300002000000      11.4301999999999990       0.0166022000000000       5.6160600000000001       0.0000000000000000
 2454814.5000300002000000      11.3423000000000000       0.1245160000000000     -10.8491000000000000       0.0000000000000000
 2454815.5000300002000000      11.3423000000000000      -0.3278920000000000      -9.0083300000000008       0.0000000000000000
 2454816.5000300002000000      10.9906000000000010      -0.2801610000000000     -19.3447000000000000       0.0000000000000000
 2454817.5000300002000000      11.0785000000000000       0.2096020000000000      19.1980000000000000       0.0000000000000000
 2454818.5000300002000000      11.4301999999999990       0.3652470000000000      -6.4225000000000003       0.0000000000000000
 2454819.5000300002000000      11.2544000000000000       0.4773120000000000      14.4719000000000000       0.0000000000000000
 2454820.5000300002000000      11.1663999999999990       0.1058390000000000     -16.6690000000000000       0.0000000000000000
 2454821.5000300002000000      11.3423000000000000      -0.4524090000000000       9.0957899999999992       0.0000000000000000
 2454822.5000300002000000      11.4301999999999990       0.1909250000000000      -0.5001400000000000       0.0000000000000000
 2454823.5000300002000000      11.2544000000000000       0.2220540000000000      15.3862000000000010       0.0000000000000000
 2454824.5000300002000000      11.1663999999999990      -0.1224410000000000     -16.0151000000000000       0.0000000000000000
 2454825.5000300002000000      11.1663999999999990      -0.4565590000000000      17.1589999999999990       0.0000000000000000
 2454826.5000300002000000      11.4301999999999990      -0.3901510000000000      -7.5630600000000001       0.0000000000000000
 2454827.5000300002000000      11.1663999999999990       0.2033760000000000      16.8079000000000000       0.0000000000000000
 2454828.5000300002000000      11.1663999999999990       0.0498065000000000      15.7894000000000010       0.0000000000000000
 2454829.5000300002000000      11.0785000000000000      -0.6599350000000001     -19.0476999999999990       0.0000000000000000
 2454830.5000300002000000      11.4301999999999990       0.0290538000000000       3.7226900000000001       0.0000000000000000
 2454831.5000300002000000      11.4301999999999990      -0.4814620000000000       7.3011299999999997       0.0000000000000000
