Time P3114 A5334 A5335 A5016
Sampling rate [day] =  1.00000
Retrieving method =  last
Binning mode =  all
 2456658.5000200001522899      10.9026999999999994      -0.0560323000000000     -17.1551000000000009       0.0000000000000000
 2456659.5000200001522899      10.5510000000000002     -16.7042000000000002      16.1268999999999991       0.0000000000000000
 2456660.5000200001522899      11.1663999999999994      -0.0809355000000000       7.4599399999999996       0.0000000000000000
 2456661.5000200001522899      10.9906000000000006      -0.5022150000000000      15.2279999999999998       0.0000000000000000
 2456662.5000200001522899      11.1663999999999994      -0.0892366000000000       7.9750600000000000       0.0000000000000000
 2456663.5000200001522899      10.9026999999999994      -0.2884620000000000      17.4830000000000005       0.0000000000000000
 2456664.5000200001522899      10.9026999999999994       0.2718600000000000      16.3044000000000011       0.0000000000000000
 2456665.5000200001522899      10.9026999999999994      -0.3278920000000000      15.4864999999999995       0.0000000000000000
 2456666.5000200001522899      10.9026999999999994      -0.0809355000000000     -15.3939000000000004       0.0000000000000000
 2456667.5000200001522899      11.1663999999999994       0.0186774000000000      -2.1645099999999999       0.0000000000000000
 2456668.5000200001522899      11.0785000000000000       0.1930000000000000      11.3819999999999997       0.0000000000000000
 2456669.5000200001522899      11.1663999999999994      -0.2054520000000000       3.8443700000000001       0.0000000000000000
 2456670.5000200001522899      11.1663999999999994      -0.1909250000000000      -3.7350599999999998       0.0000000000000000
 2456671.5000200001522899      11.0785000000000000      -2.1831800000000001      -7.3526899999999999       0.0000000000000000
 2456672.5000200001522899      10.8148000000000000      -0.1701720000000000     -18.8093000000000004       0.0000000000000000
 2456673.5000200001522899      10.8148000000000000       0.0975376000000000     -17.8670000000000009       0.0000000000000000
 2456674.5000200001522899      10.9906000000000006      -1.4298599999999999      15.0968999999999998       0.0000000000000000
 2456675.5000200001522899      11.1663999999999994      -0.6391829999999999       3.6752500000000001       0.0000000000000000
 2456676.5000200001522899      10.9906000000000006       0.0041505400000000      14.4159000000000006       0.0000000000000000
 2456677.5000200001522899      10.9026999999999994      -0.4710860000000000     -15.6003000000000007       0.0000000000000000
 2456678.5000200001522899      11.0785000000000000      -0.0996129000000000      11.3005999999999993       0.0000000000000000
 2456679.5000200001522899      10.8148000000000000      -0.0788602000000000     -18.1969999999999992       0.0000000000000000
 2456680.5000200001522899      11.0785000000000000      -0.1369680000000000      10.6294000000000004       0.0000000000000000
 2456681.5000200001522899      11.1663999999999994      -0.6620110000000000       2.9427300000000001       0.0000000000000000
 2456682.5000200001522899      11.0785000000000000      -0.1328170000000000       9.9460099999999994       0.0000000000000000
 2456683.5000200001522899      11.0785000000000000       0.8218060000000000      11.6768999999999998       0.0000000000000000
 2456684.5000200001522899      10.5510000000000002      16.0884000000000000      17.1898000000000017       0.0000000000000000
 2456685.5000200001522899      10.6388999999999996      15.3263999999999996      16.4009000000000000       0.0000000000000000
 2456686.5000200001522899      10.9906000000000006      -0.1556450000000000     -12.7956000000000003       0.0000000000000000
 2456687.5000200001522899      10.9906000000000006      -0.1888490000000000      14.0243000000000002       0.0000000000000000
 2456688.5000200001522899      10.9026999999999994      -0.1452690000000000     -14.3947000000000003       0.0000000000000000
 2456689.5000200001522899      10.9026999999999994      -0.1597960000000000      15.0486000000000004       0.0000000000000000
 2456690.5000200001522899      10.7269000000000005       0.0249032000000000     -18.5453000000000010       0.0000000000000000
 2456691.5000200001522899      10.9026999999999994      -0.1743230000000000      16.7539000000000016       0.0000000000000000
 2456692.5000200001522899      10.4631000000000007      14.9521999999999995     -19.6747000000000014       0.0000000000000000
 2456693.5000200001522899      10.9026999999999994      13.7175999999999991       4.4445600000000001       0.0000000000000000
 2456694.5000200001522899      10.9026999999999994      -1.3779800000000000     -14.7341999999999995       0.0000000000000000
 2456695.5000200001522899      10.9906000000000006      -3.6917499999999999     -10.5663999999999998       0.0000000000000000
 2456696.5000200001522899      10.9906000000000006      -0.0601828000000000      12.4232999999999993       0.0000000000000000
 2456697.5000200001522899      11.0785000000000000       0.4233550000000000       3.7433100000000001       0.0000000000000000
 2456698.5000200001522899      11.0785000000000000      -0.6080540000000000      -9.5249699999999997       0.0000000000000000
 2456699.5000200001522899      11.0785000000000000      -0.1846990000000000       4.6631900000000002       0.0000000000000000
 2456700.5000200001522899      10.9906000000000006       0.0788602000000000      -9.2890200000000007       0.0000000000000000
 2456701.5000200001522899      11.0785000000000000      -1.0065100000000000      -1.9154700000000000       0.0000000000000000
 2456702.5000200001522899      10.8148000000000000       0.0539570000000000     -15.6137999999999995       0.0000000000000000
 2456703.5000200001522899      11.0785000000000000       4.6858700000000004       2.8638699999999999       0.0000000000000000
 2456704.5000200001522899      11.0785000000000000       0.0809355000000000      -5.5727500000000001       0.0000000000000000
 2456705.5000200001522899      11.0785000000000000      -0.1556450000000000       6.4658100000000003       0.0000000000000000
 2456706.5000200001522899      11.0785000000000000       0.0871613000000000      -2.6978499999999999       0.0000000000000000
 2456707.5000200001522899      11.0785000000000000      -0.1265910000000000       7.2598700000000003       0.0000000000000000
 2456708.5000200001522899      10.9906000000000006      -0.0518817000000000      -9.4192000000000000       0.0000000000000000
 2456709.5000200001522899      10.9906000000000006      -0.1224410000000000       7.8997999999999999       0.0000000000000000
 2456710.5000200001522899      11.0785000000000000       0.2262040000000000       4.1289999999999996       0.0000000000000000
 2456711.5000200001522899      10.9906000000000006      -0.1162150000000000       8.5262700000000002       0.0000000000000000
 2456712.5000200001522899      10.8148000000000000       0.1452690000000000      17.5274000000000001       0.0000000000000000
 2456713.5000200001522899      10.9906000000000006      -1.9652799999999999      11.2803000000000004       0.0000000000000000
 2456714.5000200001522899      10.9026999999999994       0.0830108000000000      13.8082999999999991       0.0000000000000000
 2456715.5000200001522899      10.9906000000000006      -0.1992260000000000       9.8321000000000005       0.0000000000000000
 2456716.5000200001522899      10.8148000000000000       0.1452690000000000      16.4837999999999987       0.0000000000000000
 2456717.5000200001522899      10.9906000000000006       5.7996200000000000       6.0780599999999998       0.0000000000000000
 2456718.5000200001522899      10.9906000000000006       0.0954624000000000       8.0665899999999997       0.0000000000000000
 2456719.5000200001522899      10.9026999999999994      -0.0809355000000000      10.8816000000000006       0.0000000000000000
 2456720.5000200001522899      10.7269000000000005       0.1452690000000000      18.0008000000000017       0.0000000000000000
 2456721.5000200001522899      10.9026999999999994      -0.0332043000000000      11.4776000000000007       0.0000000000000000
 2456722.5000200001522899      10.9906000000000006       0.1037630000000000      10.2937999999999992       0.0000000000000000
 2456723.5000200001522899      10.9026999999999994      -0.0249032000000000      12.0277999999999992       0.0000000000000000
 2456724.5000200001522899      10.9906000000000006       0.1037630000000000       8.4916999999999998       0.0000000000000000
 2456725.5000200001522899      10.9026999999999994      -0.0166022000000000      12.5389999999999997       0.0000000000000000
 2456726.5000200001522899      10.9906000000000006       0.0871613000000000       6.5359400000000001       0.0000000000000000
 2456727.5000200001522899      10.8148000000000000      -0.0083010800000000      13.0443999999999996       0.0000000000000000
 2456728.5000200001522899      10.6388999999999996      -0.0954624000000000     -18.1182000000000016       0.0000000000000000
 2456729.5000200001522899      10.8148000000000000       0.0020752700000000      13.5324000000000009       0.0000000000000000
 2456730.5000200001522899      10.6388999999999996       0.1431940000000000      19.3097999999999992       0.0000000000000000
 2456731.5000200001522899      10.8148000000000000       0.0083010800000000      14.0069999999999997       0.0000000000000000
 2456732.5000200001522899      10.9026999999999994       0.0996129000000000      12.2689000000000004       0.0000000000000000
 2456733.5000200001522899      10.8148000000000000       0.0166022000000000      14.4641999999999999       0.0000000000000000
 2456734.5000200001522899      10.8148000000000000      10.5276999999999994       9.2890200000000007       0.0000000000000000
 2456735.5000200001522899      10.7269000000000005       0.0269785000000000      14.9059000000000008       0.0000000000000000
 2456736.5000200001522899      10.8148000000000000       7.7218799999999996      11.0545000000000009       0.0000000000000000
 2456737.5000200001522899      10.7269000000000005       0.0352796000000000      15.3457000000000008       0.0000000000000000
 2456738.5000200001522899      10.8148000000000000       5.9068800000000001      12.8168000000000006       0.0000000000000000
 2456739.5000200001522899      10.7269000000000005       0.0435806000000000      15.7566000000000006       0.0000000000000000
 2456740.5000200001522899      10.7269000000000005       5.0901300000000003      14.5894999999999992       0.0000000000000000
 2456741.5000200001522899      10.6388999999999996       0.0539570000000000      16.1520000000000010       0.0000000000000000
 2456742.5000200001522899      10.9906000000000006       0.9961290000000000       5.1416899999999996       0.0000000000000000
 2456743.5000200001522899      10.6388999999999996       0.0601828000000000      16.5224000000000011       0.0000000000000000
 2456744.5000200001522899      10.8148000000000000       0.4980650000000000      11.4329000000000001       0.0000000000000000
 2456745.5000200001522899      10.6388999999999996       0.0622581000000000      16.8793000000000006       0.0000000000000000
 2456746.5000200001522899      10.8148000000000000       0.1182900000000000      12.5389999999999997       0.0000000000000000
 2456747.5000200001522899      10.6388999999999996       0.0664086000000000      17.2244999999999990       0.0000000000000000
 2456748.5000200001522899      10.7269000000000005      -0.0705591000000000     -14.4370999999999992       0.0000000000000000
 2456749.5000200001522899      10.5510000000000002       0.0684839000000000      17.5427999999999997       0.0000000000000000
 2456750.5000200001522899      10.5510000000000002      -0.0394301000000000     -17.1087999999999987       0.0000000000000000
 2456751.5000200001522899      10.5510000000000002       0.0684839000000000      17.8284999999999982       0.0000000000000000
 2456752.5000200001522899      10.5510000000000002       0.1577200000000000      18.1346999999999987       0.0000000000000000
 2456753.5000200001522899      10.5510000000000002       0.0705591000000000      18.0887999999999991       0.0000000000000000
 2456754.5000200001522899      10.4631000000000007      -0.3175160000000000     -18.5838000000000001       0.0000000000000000
 2456755.5000200001522899      10.5510000000000002       0.0747097000000000      18.3252999999999986       0.0000000000000000
 2456756.5000200001522899      10.6388999999999996       0.0726344000000000      16.4298000000000002       0.0000000000000000
 2456757.5000200001522899      10.5510000000000002       0.0747097000000000      18.5397999999999996       0.0000000000000000
 2456758.5000200001522899      10.9026999999999994       0.0747097000000000       1.6809700000000001       0.0000000000000000
 2456759.5000200001522899      10.5510000000000002       0.0747097000000000      18.7360000000000007       0.0000000000000000
 2456760.5000200001522899      10.9026999999999994       0.0684839000000000      -0.1203660000000000       0.0000000000000000
 2456761.5000200001522899      10.5510000000000002       0.0747097000000000      18.9192999999999998       0.0000000000000000
 2456762.5000200001522899      10.7269000000000005      -0.6412580000000000      12.8803999999999998       0.0000000000000000
 2456763.5000200001522899      10.4631000000000007       0.0788602000000000      19.0715000000000003       0.0000000000000000
 2456764.5000200001522899      10.8148000000000000       0.0249032000000000      -6.1110600000000002       0.0000000000000000
 2456765.5000200001522899      10.4631000000000007       0.0913118000000000      19.2072000000000003       0.0000000000000000
 2456766.5000200001522899      10.8148000000000000       5.8099400000000001      -4.7848699999999997       0.0000000000000000
 2456767.5000200001522899      10.3751999999999995       0.0892366000000000      19.3135000000000012       0.0000000000000000
 2456768.5000200001522899      10.4631000000000007       3.3868399999999999      18.5728000000000009       0.0000000000000000
 2456769.5000200001522899      10.3751999999999995       0.0062258100000000      19.3996999999999993       0.0000000000000000
 2456770.5000200001522899      10.5510000000000002       2.7787799999999998      16.7134000000000000       0.0000000000000000
 2456771.5000200001522899      10.3751999999999995       0.0933871000000000      19.4527999999999999       0.0000000000000000
 2456772.5000200001522899      10.7269000000000005       0.0269785000000000     -10.9019999999999992       0.0000000000000000
 2456773.5000200001522899      10.3751999999999995       0.0892366000000000      19.4912999999999990       0.0000000000000000
 2456774.5000200001522899      10.8148000000000000       2.1582800000000000       6.1853100000000003       0.0000000000000000
 2456775.5000200001522899      10.3751999999999995       0.0892366000000000      19.5077999999999996       0.0000000000000000
 2456776.5000200001522899      10.6388999999999996       0.0664086000000000     -13.7850999999999999       0.0000000000000000
 2456777.5000200001522899      10.3751999999999995       0.0892366000000000      19.4968000000000004       0.0000000000000000
 2456778.5000200001522899      10.8148000000000000       0.1037630000000000      -5.8656199999999998       0.0000000000000000
 2456779.5000200001522899      10.4631000000000007      -1.6643699999999999      16.3738999999999990       0.0000000000000000
 2456780.5000200001522899      10.6388999999999996     -10.7642000000000007       1.8968000000000000       0.0000000000000000
 2456781.5000200001522899      10.3751999999999995       0.0892366000000000      19.4052000000000007       0.0000000000000000
 2456782.5000200001522899      10.6388999999999996      -0.1037630000000000     -12.2111000000000001       0.0000000000000000
 2456783.5000200001522899      10.7269000000000005      -6.6968100000000002       3.7185600000000001       0.0000000000000000
 2456784.5000200001522899      10.6388999999999996       9.2178299999999993      -8.1743900000000007       0.0000000000000000
 2456785.5000200001522899      10.3751999999999995       0.2116770000000000      18.9725000000000001       0.0000000000000000
 2456786.5000200001522899      10.5510000000000002      -8.0908200000000008      10.8003000000000000       0.0000000000000000
 2456787.5000200001522899      10.4631000000000007       4.3600000000000003      15.4016000000000002       0.0000000000000000
 2456788.5000200001522899      10.8148000000000000      -0.0394301000000000       4.0506200000000003       0.0000000000000000
 2456789.5000200001522899      10.7269000000000005       0.5935270000000000      -6.0759999999999996       0.0000000000000000
 2456790.5000200001522899      10.4631000000000007       0.0518817000000000     -15.4498999999999995       0.0000000000000000
 2456791.5000200001522899      10.6388999999999996      -0.4773120000000000      -9.4273399999999992       0.0000000000000000
 2456792.5000200001522899      10.2873000000000001      -0.0020752700000000     -19.0348000000000006       0.0000000000000000
 2456793.5000200001522899      10.5510000000000002       8.4245699999999992      10.6294000000000004       0.0000000000000000
 2456794.5000200001522899      10.6388999999999996      -8.3956599999999995       3.6379500000000000       0.0000000000000000
 2456795.5000200001522899       3.5175500000000000      -0.1079140000000000      18.4463000000000008       1.0000000000000000
 2456796.5000200001522899      10.5510000000000002      -0.1162150000000000     -14.2982999999999993       0.0000000000000000
 2456797.5000200001522899       0.0000000000000000     -49.9620000000000033     -49.9609999999999985       1.0000000000000000
 2456798.5000200001522899      10.7269000000000005      -0.0290538000000000       7.5919400000000001       0.0000000000000000
 2456799.5000200001522899       0.0000000000000000     -49.9620000000000033     -49.9609999999999985       1.0000000000000000
 2456800.5000200001522899      10.3751999999999995      -0.1411180000000000     -17.5409000000000006       0.0000000000000000
 2456801.5000200001522899       0.0000000000000000     -49.9620000000000033     -49.9609999999999985       1.0000000000000000
 2456802.5000200001522899      10.5510000000000002       0.1680970000000000      14.1439000000000004       0.0000000000000000
 2456803.5000200001522899       0.0000000000000000     -49.9620000000000033     -49.9609999999999985       1.0000000000000000
 2456804.5000200001522899      10.7269000000000005       0.1328170000000000      -5.0199999999999996       0.0000000000000000
 2456805.5000200001522899       0.0000000000000000     -49.9620000000000033     -49.9609999999999985       1.0000000000000000
 2456806.5000200001522899      10.6388999999999996       0.1494190000000000      -7.2949400000000004       0.0000000000000000
 2456807.5000200001522899       0.0000000000000000     -49.9620000000000033     -49.9609999999999985       1.0000000000000000
 2456808.5000200001522899      10.7269000000000005      -0.2033760000000000      -3.6607699999999999       0.0000000000000000
 2456809.5000200001522899       0.3550000000000000     -49.9620000000000033     -49.9609999999999985       1.0000000000000000
 2456810.5000200001522899      10.4631000000000007      -0.0456559000000000     -14.9541000000000004       0.0000000000000000
 2456811.5000200001522899       9.7597600000000000      -0.1514950000000000      15.9495000000000005       1.0000000000000000
 2456812.5000200001522899      10.6388999999999996      -0.1494190000000000     -10.1148000000000007       0.0000000000000000
 2456813.5000200001522899      10.4631000000000007      -0.1514950000000000      15.5579000000000001       0.0000000000000000
 2456814.5000200001522899      10.6388999999999996       7.9587899999999996      -1.7743500000000001       0.0000000000000000
 2456815.5000200001522899      10.5510000000000002       0.0477312000000000      15.1432000000000002       0.0000000000000000
 2456816.5000200001522899      10.1992999999999991      -0.2407310000000000     -19.2878000000000007       0.0000000000000000
 2456817.5000200001522899      10.4631000000000007      -0.0103763000000000      14.7129999999999992       0.0000000000000000
 2456818.5000200001522899      10.5510000000000002       0.0394301000000000      12.1127000000000002       0.0000000000000000
 2456819.5000200001522899      10.2873000000000001      -0.4005270000000000      18.0650000000000013       0.0000000000000000
 2456820.5000200001522899      10.7269000000000005      -0.0518817000000000      -3.0236700000000001       0.0000000000000000
 2456821.5000200001522899      10.3751999999999995      -0.2884620000000000      16.4568000000000012       0.0000000000000000
 2456822.5000200001522899      10.6388999999999996      -0.1120650000000000      -6.0038099999999996       0.0000000000000000
 2456823.5000200001522899      10.7269000000000005      -0.1950750000000000      -2.9821599999999999       0.0000000000000000
 2456824.5000200001522899      10.7269000000000005       0.0269785000000000      -2.0358399999999999       0.0000000000000000
 2456825.5000200001522899      10.1992999999999991      -7.1464400000000001     -17.2921000000000014       0.0000000000000000
 2456826.5000200001522899      10.2873000000000001       6.8246900000000004     -16.5957000000000008       0.0000000000000000
 2456827.5000200001522899      10.7269000000000005      -0.1722470000000000       0.7097420000000000       0.0000000000000000
 2456828.5000200001522899      10.7269000000000005       0.0456559000000000       1.6602200000000000       0.0000000000000000
 2456829.5000200001522899      10.6388999999999996      -0.6308820000000001       4.8962500000000002       0.0000000000000000
 2456830.5000200001522899      10.7269000000000005       0.0332043000000000       4.3228799999999996       0.0000000000000000
 2456831.5000200001522899      10.7269000000000005      -0.1535700000000000       4.3868099999999997       0.0000000000000000
 2456832.5000200001522899      10.7269000000000005       0.0664086000000000       5.3499999999999996       0.0000000000000000
 2456833.5000200001522899      10.6388999999999996      -0.1473440000000000       6.2409999999999997       0.0000000000000000
 2456834.5000200001522899      10.5510000000000002       3.4324900000000000      -9.0245999999999995       0.0000000000000000
 2456835.5000200001522899      10.5510000000000002      -0.6122040000000000      11.8010000000000002       0.0000000000000000
 2456836.5000200001522899      10.5510000000000002       0.0186774000000000      12.1357999999999997       0.0000000000000000
 2456837.5000200001522899      10.6388999999999996      -0.1307420000000000       9.9561799999999998       0.0000000000000000
 2456838.5000200001522899      10.5510000000000002       0.0975376000000000      10.9061000000000003       0.0000000000000000
 2456839.5000200001522899      10.6388999999999996      -0.6101290000000000       9.5025899999999996       0.0000000000000000
 2456840.5000200001522899      10.6388999999999996      -6.1296200000000001       5.2365599999999999       0.0000000000000000
 2456841.5000200001522899      10.7269000000000005       0.1182900000000000       1.1870499999999999       0.0000000000000000
 2456842.5000200001522899      10.7269000000000005       0.0415054000000000       1.1019699999999999       0.0000000000000000
 2456843.5000200001522899      10.6388999999999996       0.6454090000000000      -8.4489800000000006       0.0000000000000000
 2456844.5000200001522899      10.2873000000000001      -0.1867740000000000     -18.0411999999999999       0.0000000000000000
 2456845.5000200001522899      10.2873000000000001      -0.0996129000000000      17.3017000000000003       0.0000000000000000
 2456846.5000200001522899      10.2873000000000001       0.1431940000000000      18.2373000000000012       0.0000000000000000
 2456847.5000200001522899      10.7269000000000005      -0.6412580000000000       3.2540200000000001       0.0000000000000000
 2456848.5000200001522899      10.2873000000000001       0.0830108000000000      18.9175000000000004       0.0000000000000000
 2456849.5000200001522899      10.6388999999999996       0.0975376000000000      -4.5270599999999996       0.0000000000000000
 2456850.5000200001522899      10.7269000000000005       0.0083010800000000      -4.6136900000000001       0.0000000000000000
 2456851.5000200001522899      10.5510000000000002       0.8363330000000000      12.3576999999999995       0.0000000000000000
 2456852.5000200001522899      10.5510000000000002       0.4586340000000000      13.2507999999999999       0.0000000000000000
 2456853.5000200001522899      10.4631000000000007       0.0767849000000000      14.1207999999999991       0.0000000000000000
 2456854.5000200001522899      10.4631000000000007      -0.3050650000000000      15.0197000000000003       0.0000000000000000
 2456855.5000200001522899      10.2873000000000001      -0.2448820000000000      18.9065000000000012       0.0000000000000000
 2456856.5000200001522899      10.7269000000000005      -0.0062258100000000       2.6003099999999999       0.0000000000000000
 2456857.5000200001522899      10.5510000000000002       0.0809355000000000     -10.2552000000000003       0.0000000000000000
 2456858.5000200001522899      10.5510000000000002      -0.0269785000000000     -10.1067000000000000       0.0000000000000000
 2456859.5000200001522899      10.6388999999999996       0.1245160000000000      -6.5111900000000000       0.0000000000000000
 2456860.5000200001522899      10.6388999999999996      -0.0186774000000000      -6.3668100000000001       0.0000000000000000
 2456861.5000200001522899      10.5510000000000002      -0.6371080000000000      12.0489999999999995       0.0000000000000000
 2456862.5000200001522899      10.7269000000000005      -0.8114300000000000       5.4469399999999997       0.0000000000000000
 2456863.5000200001522899      10.6388999999999996       0.2158280000000000      -7.7404400000000004       0.0000000000000000
 2456864.5000200001522899      10.6388999999999996      -0.1722470000000000      -6.8226300000000002       0.0000000000000000
 2456865.5000200001522899      10.5510000000000002      -0.6350320000000000      12.2902000000000005       0.0000000000000000
 2456866.5000200001522899      10.7269000000000005      -0.2303550000000000       6.7566300000000004       0.0000000000000000
 2456867.5000200001522899      10.6388999999999996      -0.5395700000000000      -7.0371300000000003       0.0000000000000000
 2456868.5000200001522899      10.6388999999999996       0.2946880000000000      -7.5424400000000000       0.0000000000000000
 2456869.5000200001522899      10.6388999999999996      -0.3424190000000000      11.0789000000000009       0.0000000000000000
 2456870.5000200001522899      10.3751999999999995      -0.0498065000000000     -16.4645000000000010       0.0000000000000000
 2456871.5000200001522899      10.6388999999999996       0.3527960000000000       9.0307099999999991       0.0000000000000000
 2456872.5000200001522899      10.6388999999999996      -0.0726344000000000       9.9175299999999993       0.0000000000000000
 2456873.5000200001522899      10.3751999999999995       0.0871613000000000     -17.5274000000000001       0.0000000000000000
 2456874.5000200001522899      10.2873000000000001      -0.0892366000000000     -17.6238999999999990       0.0000000000000000
 2456875.5000200001522899      10.4631000000000007       0.0892366000000000     -13.5902999999999992       0.0000000000000000
 2456876.5000200001522899      10.4631000000000007      -0.0933871000000000     -14.5451999999999995       0.0000000000000000
 2456877.5000200001522899      10.7269000000000005      -0.5935270000000000       3.5507900000000001       0.0000000000000000
 2456878.5000200001522899      10.4631000000000007       0.1805480000000000     -15.8568999999999996       0.0000000000000000
 2456879.5000200001522899      10.7269000000000005       0.5437200000000000      -3.1876099999999998       0.0000000000000000
 2456880.5000200001522899      10.7269000000000005       0.2262040000000000       4.0258799999999999       0.0000000000000000
 2456881.5000200001522899      10.4631000000000007       2.0877200000000000      16.6438999999999986       0.0000000000000000
 2456882.5000200001522899      10.3751999999999995       0.3839250000000000      18.1402000000000001       0.0000000000000000
 2456883.5000200001522899      10.2873000000000001       0.2511080000000000     -18.9083000000000006       0.0000000000000000
 2456884.5000200001522899      10.4631000000000007       0.3735480000000000      16.6092000000000013       0.0000000000000000
 2456885.5000200001522899      10.5510000000000002      -0.5644730000000000      14.9405999999999999       0.0000000000000000
 2456886.5000200001522899      10.5510000000000002       0.3673230000000000      15.0776000000000003       0.0000000000000000
 2456887.5000200001522899      10.5510000000000002       4.6343100000000002      12.5061999999999998       0.0000000000000000
 2456888.5000200001522899      10.3751999999999995      -0.0601828000000000      18.6627000000000010       0.0000000000000000
 2456889.5000200001522899      10.3751999999999995       0.5416450000000000      17.7532999999999994       0.0000000000000000
 2456890.5000200001522899      10.3751999999999995       0.3154410000000000      17.9549999999999983       0.0000000000000000
 2456891.5000200001522899      10.5510000000000002       0.2531830000000000     -12.9324999999999992       0.0000000000000000
 2456892.5000200001522899      10.8148000000000000      -0.1162150000000000       2.7663300000000000       0.0000000000000000
 2456893.5000200001522899      10.6388999999999996       0.2386560000000000     -11.2742000000000004       0.0000000000000000
 2456894.5000200001522899      10.8148000000000000       0.3237420000000000      -2.7476600000000002       0.0000000000000000
 2456895.5000200001522899      10.7269000000000005       0.2407310000000000      -9.5147999999999993       0.0000000000000000
 2456896.5000200001522899      10.5510000000000002       9.5961599999999994      12.3847000000000005       0.0000000000000000
 2456897.5000200001522899      10.3751999999999995       0.0394301000000000     -18.3638000000000012       0.0000000000000000
 2456898.5000200001522899      10.5510000000000002       0.3009140000000000      14.1362000000000005       0.0000000000000000
 2456899.5000200001522899      10.2873000000000001      -0.0249032000000000     -19.4968000000000004       0.0000000000000000
 2456900.5000200001522899      10.3751999999999995      -0.1431940000000000     -18.5362000000000009       0.0000000000000000
 2456901.5000200001522899      10.8148000000000000      -0.5914520000000000       1.5896600000000001       0.0000000000000000
 2456902.5000200001522899      10.7269000000000005      -0.2511080000000000       9.9541400000000007       0.0000000000000000
 2456903.5000200001522899      10.8148000000000000       0.3216670000000000       4.2094399999999998       0.0000000000000000
 2456904.5000200001522899      10.8148000000000000       0.3465700000000000      -2.5982400000000001       0.0000000000000000
 2456905.5000200001522899      10.3751999999999995      -0.3631720000000000     -19.3667000000000016       0.0000000000000000
 2456906.5000200001522899      10.8148000000000000       0.0103763000000000      -7.2124400000000000       0.0000000000000000
 2456907.5000200001522899      10.3751999999999995      -0.3444950000000000     -19.3795000000000002       0.0000000000000000
 2456908.5000200001522899      10.5510000000000002      -0.0601828000000000     -14.6357999999999997       0.0000000000000000
 2456909.5000200001522899      10.6388999999999996      -0.0996129000000000     -13.6944999999999997       0.0000000000000000
 2456910.5000200001522899      10.6388999999999996       0.0933871000000000     -13.7098999999999993       0.0000000000000000
 2456911.5000200001522899      10.7269000000000005      -0.0871613000000000     -11.8030000000000008       0.0000000000000000
 2456912.5000200001522899      10.7269000000000005      -0.0394301000000000     -10.7982999999999993       0.0000000000000000
 2456913.5000200001522899      10.8148000000000000      -0.2448820000000000      -6.9113100000000003       0.0000000000000000
 2456914.5000200001522899      10.7269000000000005       0.1120650000000000     -10.4687000000000001       0.0000000000000000
 2456915.5000200001522899      10.8148000000000000      -0.2884620000000000      -8.8720499999999998       0.0000000000000000
 2456916.5000200001522899      10.4631000000000007      -0.3175160000000000     -17.0818000000000012       0.0000000000000000
 2456917.5000200001522899      10.8148000000000000      -0.2739350000000000      -9.5147999999999993       0.0000000000000000
 2456918.5000200001522899      10.5510000000000002      -0.1846990000000000     -15.2666000000000004       0.0000000000000000
 2456919.5000200001522899      10.8148000000000000      -0.2573330000000000      -8.9330700000000007       0.0000000000000000
 2456920.5000200001522899      10.7269000000000005       0.4171290000000000     -12.1204000000000001       0.0000000000000000
 2456921.5000200001522899      10.7269000000000005      -9.8656900000000007       1.5128699999999999       0.0000000000000000
 2456922.5000200001522899      10.7269000000000005     -10.0181000000000004       2.4986199999999998       0.0000000000000000
 2456923.5000200001522899      10.5510000000000002     -15.1302000000000003       3.5507900000000001       0.0000000000000000
 2456924.5000200001522899      10.5510000000000002     -15.2880000000000003       4.5497500000000004       0.0000000000000000
 2456925.5000200001522899      10.9026999999999994      -1.5004200000000001      -4.5518099999999997       0.0000000000000000
 2456926.5000200001522899      10.4631000000000007       0.2345050000000000     -19.4785000000000004       0.0000000000000000
 2456927.5000200001522899      10.8148000000000000      -5.4221899999999996       7.5960599999999996       0.0000000000000000
 2456928.5000200001522899      10.8148000000000000      -0.0020752700000000       8.5506799999999998       0.0000000000000000
 2456929.5000200001522899      10.6388999999999996      -0.1514950000000000     -14.7439000000000000       0.0000000000000000
 2456930.5000200001522899      10.8148000000000000      -0.1639460000000000      -8.4937299999999993       0.0000000000000000
 2456931.5000200001522899      10.8148000000000000       0.3839250000000000       9.8585399999999996       0.0000000000000000
 2456932.5000200001522899      10.6388999999999996      16.3198000000000008       0.3860000000000000       0.0000000000000000
 2456933.5000200001522899      10.5510000000000002      -0.4503330000000000      19.0605000000000011       0.0000000000000000
 2456934.5000200001522899      10.4631000000000007      -9.7273099999999992      18.4151999999999987       0.0000000000000000
 2456935.5000200001522899      10.9026999999999994      -0.1722470000000000      -5.6965000000000003       0.0000000000000000
 2456936.5000200001522899      10.2873000000000001      16.7518999999999991      17.5197000000000003       0.0000000000000000
 2456937.5000200001522899      10.7269000000000005       0.5520220000000000      14.6706000000000003       0.0000000000000000
 2456938.5000200001522899      10.7269000000000005      -0.2365810000000000      13.8064000000000000       0.0000000000000000
 2456939.5000200001522899      10.9906000000000006      -3.0630999999999999       2.1271499999999999       0.0000000000000000
 2456940.5000200001522899      10.7269000000000005       0.2116770000000000      15.5463000000000005       0.0000000000000000
 2456941.5000200001522899      10.8148000000000000      -0.0186774000000000      11.6058000000000003       0.0000000000000000
 2456942.5000200001522899      10.8148000000000000       0.1680970000000000      12.5699000000000005       0.0000000000000000
 2456943.5000200001522899      10.9026999999999994      -5.8388099999999996       8.0015000000000001       0.0000000000000000
 2456944.5000200001522899      10.6388999999999996       0.4005270000000000     -15.6196000000000002       0.0000000000000000
 2456945.5000200001522899      10.9026999999999994      -6.3998100000000004      -6.2100600000000004       0.0000000000000000
 2456946.5000200001522899      10.8148000000000000       0.2054520000000000      13.8391999999999999       0.0000000000000000
 2456947.5000200001522899      10.8148000000000000      -0.3963760000000000     -10.7535000000000007       0.0000000000000000
 2456948.5000200001522899      10.7269000000000005      -0.3797740000000000      15.2723999999999993       0.0000000000000000
 2456949.5000200001522899      10.9026999999999994      -0.3839250000000000      -9.2849599999999999       0.0000000000000000
 2456950.5000200001522899      10.5510000000000002      17.4310000000000009      -7.6847500000000002       0.0000000000000000
 2456951.5000200001522899      10.9026999999999994      -0.5188170000000000      -9.4761500000000005       0.0000000000000000
 2456952.5000200001522899      10.9026999999999994      -0.1494190000000000       8.2110000000000003       0.0000000000000000
 2456953.5000200001522899      10.9906000000000006      -0.2677100000000000       4.2816200000000002       0.0000000000000000
 2456954.5000200001522899      10.9906000000000006      -0.1639460000000000       6.5483099999999999       0.0000000000000000
 2456955.5000200001522899      10.4631000000000007      13.7349999999999994      17.5178000000000011       0.0000000000000000
 2456956.5000200001522899      10.5510000000000002     -15.0716999999999999     -12.9459999999999997       0.0000000000000000
 2456957.5000200001522899      10.9906000000000006       1.8158600000000000       2.5650300000000001       0.0000000000000000
 2456958.5000200001522899      10.7269000000000005       1.9881100000000000     -15.3148000000000000       0.0000000000000000
 2456959.5000200001522899      10.5510000000000002       0.2220540000000000     -19.4087999999999994       0.0000000000000000
 2456960.5000200001522899      10.6388999999999996      -0.6163550000000000     -18.0979999999999990       0.0000000000000000
 2456961.5000200001522899      10.7269000000000005       0.1701720000000000      16.9892000000000003       0.0000000000000000
 2456962.5000200001522899      10.9906000000000006       0.0290538000000000       8.9290099999999999       0.0000000000000000
 2456963.5000200001522899      10.9906000000000006       0.0290538000000000      -6.0058800000000003       0.0000000000000000
 2456964.5000200001522899      10.9906000000000006       0.1369680000000000      -7.1464400000000001       0.0000000000000000
 2456965.5000200001522899      10.6388999999999996      -0.3071400000000000      18.6828000000000003       0.0000000000000000
 2456966.5000200001522899      10.6388999999999996      -0.5395700000000000     -17.8357999999999990       0.0000000000000000
 2456967.5000200001522899      10.9026999999999994      -0.1618710000000000     -10.4220000000000006       0.0000000000000000
 2456968.5000200001522899      10.9906000000000006       0.4399570000000000       4.7106300000000001       0.0000000000000000
 2456969.5000200001522899      10.9906000000000006      -0.2697850000000000       5.4696199999999999       0.0000000000000000
 2456970.5000200001522899      11.0785000000000000      -0.5395700000000000       1.0604600000000000       0.0000000000000000
 2456971.5000200001522899      10.9906000000000006      -2.2412899999999998       8.9900300000000009       0.0000000000000000
 2456972.5000200001522899      10.8148000000000000       0.4648600000000000     -13.7331000000000003       0.0000000000000000
 2456973.5000200001522899      10.5510000000000002       9.5249699999999997     -18.9284999999999997       0.0000000000000000
 2456974.5000200001522899      10.9906000000000006      -0.0539570000000000      11.2071000000000005       0.0000000000000000
 2456975.5000200001522899      11.0785000000000000      -0.1058390000000000      -0.7636990000000000       0.0000000000000000
 2456976.5000200001522899      10.9906000000000006       0.2075270000000000       8.0604899999999997       0.0000000000000000
 2456977.5000200001522899      11.0785000000000000       0.2324300000000000      -5.0736299999999996       0.0000000000000000
 2456978.5000200001522899      11.0785000000000000      -0.3590220000000000      -4.2630600000000003       0.0000000000000000
 2456979.5000200001522899      10.9906000000000006       0.2137530000000000      -6.4885000000000002       0.0000000000000000
 2456980.5000200001522899      10.9906000000000006      -0.3590220000000000      -7.3238099999999999       0.0000000000000000
 2456981.5000200001522899      10.7269000000000005       0.3175160000000000     -18.2079999999999984       0.0000000000000000
 2456982.5000200001522899      10.9906000000000006      -0.0083010800000000       7.9201400000000000       0.0000000000000000
 2456983.5000200001522899      11.0785000000000000       0.2386560000000000      -4.6590600000000002       0.0000000000000000
 2456984.5000200001522899      11.0785000000000000      -0.0186774000000000       5.9089400000000003       0.0000000000000000
 2456985.5000200001522899      10.7269000000000005      -0.0083010800000000     -17.7826999999999984       0.0000000000000000
 2456986.5000200001522899      10.9906000000000006       0.4441080000000000      12.5988000000000007       0.0000000000000000
 2456987.5000200001522899      10.9906000000000006      -0.0394301000000000      -8.8679900000000007       0.0000000000000000
 2456988.5000200001522899      10.8148000000000000       0.1909250000000000     -14.9001000000000001       0.0000000000000000
 2456989.5000200001522899      11.0785000000000000       0.1120650000000000       0.9255700000000000       0.0000000000000000
 2456990.5000200001522899      11.0785000000000000      -0.5810750000000000       1.6332400000000000       0.0000000000000000
 2456991.5000200001522899      11.0785000000000000      -0.2033760000000000       3.3121299999999998       0.0000000000000000
 2456992.5000200001522899      10.8148000000000000       4.0629999999999997      16.5184999999999995       0.0000000000000000
 2456993.5000200001522899      11.0785000000000000       0.0539570000000000       4.2754399999999997       0.0000000000000000
 2456994.5000200001522899      11.0785000000000000      -0.0083010800000000       5.2943100000000003       0.0000000000000000
 2456995.5000200001522899      10.8148000000000000       0.2054520000000000     -15.5309000000000008       0.0000000000000000
 2456996.5000200001522899      10.9026999999999994      -0.5084410000000000     -14.7149000000000001       0.0000000000000000
 2456997.5000200001522899      10.8148000000000000       0.0186774000000000      17.7532999999999994       0.0000000000000000
 2456998.5000200001522899      10.9906000000000006       0.0103763000000000       9.3561499999999995       0.0000000000000000
 2456999.5000200001522899      10.9026999999999994       0.0062258100000000      15.8568999999999996       0.0000000000000000
 2457000.5000200001522899      11.0785000000000000       0.0643333000000000       0.0000000000000000       0.0000000000000000
 2457001.5000200001522899      11.0785000000000000       0.1784730000000000       2.7206800000000002       0.0000000000000000
 2457002.5000200001522899      10.8148000000000000      -0.2490320000000000     -16.3024999999999984       0.0000000000000000
 2457003.5000200001522899      10.9026999999999994       0.0913118000000000      14.3927999999999994       0.0000000000000000
 2457004.5000200001522899      10.9906000000000006       0.2054520000000000     -10.8958999999999993       0.0000000000000000
 2457005.5000200001522899      10.8148000000000000      -0.1888490000000000      17.6927999999999983       0.0000000000000000
 2457006.5000200001522899      10.8148000000000000       0.7304950000000000      18.1896999999999984       0.0000000000000000
 2457007.5000200001522899      11.0785000000000000      -0.0207527000000000       4.0341199999999997       0.0000000000000000
 2457008.5000200001522899      10.7269000000000005      -0.1660220000000000     -18.1052999999999997       0.0000000000000000
 2457009.5000200001522899      11.0785000000000000       0.1826240000000000       5.7728099999999998       0.0000000000000000
 2457010.5000200001522899      11.0785000000000000      -0.3029890000000000       6.6514400000000000       0.0000000000000000
 2457011.5000200001522899      10.9906000000000006       0.0622581000000000      10.7942000000000000       0.0000000000000000
 2457012.5000200001522899      11.0785000000000000      -0.1763980000000000      -1.9694300000000000       0.0000000000000000
 2457013.5000200001522899      11.0785000000000000       0.0518817000000000       8.7581500000000005       0.0000000000000000
 2457014.5000200001522899      11.0785000000000000       7.8815000000000000       3.3183500000000001       0.0000000000000000
 2457015.5000200001522899      11.0785000000000000       0.0435806000000000       6.7277500000000003       0.0000000000000000
 2457016.5000200001522899      11.0785000000000000       5.4448699999999999       0.4399570000000000       0.0000000000000000
 2457017.5000200001522899      10.8148000000000000     -15.8490000000000002       4.8776900000000003       0.0000000000000000
 2457018.5000200001522899      11.0785000000000000      -0.2303550000000000      -1.8677400000000000       0.0000000000000000
 2457019.5000200001522899      10.9026999999999994      -0.1618710000000000     -13.5497999999999994       0.0000000000000000
 2457020.5000200001522899      10.6388999999999996     -16.0963999999999992      12.0374999999999996       0.0000000000000000
 2457021.5000200001522899      10.9026999999999994      -0.1680970000000000     -15.2164999999999999       0.0000000000000000
 2457022.5000200001522899      10.6388999999999996     -18.2757000000000005      10.7454000000000001       0.0000000000000000
