Time P3114 A5334 A5335 A5016
Sampling rate [day] =  1.00000
Retrieving method =  last
Binning mode =  all
 2458484.5000100000761449      10.5510000000000002      -0.1639460000000000     -14.3927999999999994       0.0000000000000000
 2458485.5000100000761449      10.5510000000000002      -0.0830108000000000     -17.7367999999999988       0.0000000000000000
 2458486.5000100000761449      10.5510000000000002      -0.1680970000000000     -14.5297000000000001       0.0000000000000000
 2458487.5000100000761449      10.6388999999999996      -0.0830108000000000     -14.9444999999999997       0.0000000000000000
 2458488.5000100000761449      10.5510000000000002      -0.1680970000000000     -14.6513000000000009       0.0000000000000000
 2458489.5000100000761449      10.3751999999999995     -13.3964999999999996     -15.5675000000000008       0.0000000000000000
 2458490.5000100000761449      10.5510000000000002      -0.1680970000000000     -14.7553999999999998       0.0000000000000000
 2458491.5000100000761449      10.8148000000000000       0.0207527000000000       7.9140400000000000       0.0000000000000000
 2458492.5000100000761449      10.5510000000000002      -0.1680970000000000     -14.8422000000000001       0.0000000000000000
 2458493.5000100000761449      10.7269000000000005       0.0601828000000000      10.7149000000000001       0.0000000000000000
 2458494.5000100000761449      10.5510000000000002      -0.1680970000000000     -14.9097000000000008       0.0000000000000000
 2458495.5000100000761449      10.8148000000000000       0.0166022000000000      -4.8900600000000001       0.0000000000000000
 2458496.5000100000761449      10.5510000000000002      -0.1680970000000000     -14.9580000000000002       0.0000000000000000
 2458497.5000100000761449      10.7269000000000005      10.4809000000000001       1.9196200000000001       0.0000000000000000
 2458498.5000100000761449      10.5510000000000002      -0.1680970000000000     -14.9887999999999995       0.0000000000000000
 2458499.5000100000761449      10.5510000000000002       0.1348920000000000      18.2042999999999999       0.0000000000000000
 2458500.5000100000761449      10.5510000000000002      -0.1701720000000000     -14.9984999999999999       0.0000000000000000
 2458501.5000100000761449      10.8148000000000000       0.0103763000000000      -5.9996900000000002       0.0000000000000000
 2458502.5000100000761449      10.5510000000000002      -0.1701720000000000     -14.9908000000000001       0.0000000000000000
 2458503.5000100000761449      10.8148000000000000      -0.0726344000000000      -1.8718900000000001       0.0000000000000000
 2458504.5000100000761449      10.5510000000000002      -0.1701720000000000     -14.9657000000000000       0.0000000000000000
 2458505.5000100000761449      10.7269000000000005      -9.4365100000000002      -2.8099099999999999       0.0000000000000000
 2458506.5000100000761449      10.5510000000000002      -0.1701720000000000     -14.9175000000000004       0.0000000000000000
 2458507.5000100000761449      10.8148000000000000      -0.0311290000000000      -4.4115599999999997       0.0000000000000000
 2458508.5000100000761449      10.5510000000000002      -0.1660220000000000     -14.8537999999999997       0.0000000000000000
 2458509.5000100000761449      10.7269000000000005       0.0290538000000000       8.8944299999999998       0.0000000000000000
 2458510.5000100000761449      10.5510000000000002      -0.1660220000000000     -14.7708999999999993       0.0000000000000000
 2458511.5000100000761449      10.7269000000000005       0.0394301000000000      10.9141999999999992       0.0000000000000000
 2458512.5000100000761449      10.4631000000000007      -0.1639460000000000     -14.6706000000000003       0.0000000000000000
 2458513.5000100000761449      10.5510000000000002       8.7500099999999996     -15.5925999999999991       0.0000000000000000
 2458514.5000100000761449       0.0000000000000000     -49.9620000000000033     -49.9609999999999985       1.0000000000000000
 2458515.5000100000761449      10.8148000000000000       0.0207527000000000       7.2619400000000001       0.0000000000000000
 2458516.5000100000761449       0.0000000000000000     -49.9620000000000033     -49.9609999999999985       1.0000000000000000
 2458517.5000100000761449      10.6388999999999996      -3.2976000000000001      14.2615999999999996       0.0000000000000000
 2458518.5000100000761449       0.0000000000000000     -49.9620000000000033     -49.9609999999999985       1.0000000000000000
 2458519.5000100000761449      10.6388999999999996      -3.7330000000000001      13.7060999999999993       0.0000000000000000
 2458520.5000100000761449       0.0000000000000000     -49.9620000000000033     -49.9609999999999985       1.0000000000000000
 2458521.5000100000761449      10.8148000000000000      -0.0269785000000000       0.3424190000000000       0.0000000000000000
 2458522.5000100000761449       0.0000000000000000     -49.9620000000000033     -49.9609999999999985       1.0000000000000000
 2458523.5000100000761449      10.8148000000000000       0.0166022000000000       6.2781200000000004       0.0000000000000000
 2458524.5000100000761449       9.6718399999999995       0.0394301000000000     -16.5957000000000008       1.0000000000000000
 2458525.5000100000761449      10.4631000000000007      -0.1431940000000000     -18.9780000000000015       0.0000000000000000
 2458526.5000100000761449      10.8148000000000000       0.0809355000000000     -13.4359999999999999       0.0000000000000000
 2458527.5000100000761449      10.7269000000000005       0.1535700000000000       5.9254400000000000       0.0000000000000000
 2458528.5000100000761449      10.6388999999999996      -0.0083010800000000     -19.1832999999999991       0.0000000000000000
 2458529.5000100000761449      10.4631000000000007      -9.9759899999999995      13.6982999999999997       0.0000000000000000
 2458530.5000100000761449      10.5510000000000002       0.0809355000000000     -18.3619999999999983       0.0000000000000000
 2458531.5000100000761449      10.6388999999999996       0.0041505400000000      13.2874999999999996       0.0000000000000000
 2458532.5000100000761449      10.5510000000000002      -0.0041505400000000     -17.5157999999999987       0.0000000000000000
 2458533.5000100000761449      10.5510000000000002       0.0041505400000000      14.5760000000000005       0.0000000000000000
 2458534.5000100000761449      10.7269000000000005       0.0788602000000000      -9.0754500000000000       0.0000000000000000
 2458535.5000100000761449      10.8148000000000000       0.0705591000000000       2.8866999999999998       0.0000000000000000
 2458536.5000100000761449      10.4631000000000007       0.1203660000000000     -15.7256999999999998       0.0000000000000000
 2458537.5000100000761449      10.2873000000000001      14.6898000000000000      17.6542999999999992       0.0000000000000000
 2458538.5000100000761449      10.5510000000000002      -0.0352796000000000     -14.8229000000000006       0.0000000000000000
 2458539.5000100000761449      10.2873000000000001      -9.7794500000000006      18.6387999999999998       0.0000000000000000
 2458540.5000100000761449      10.5510000000000002       0.0975376000000000     -13.9067000000000007       0.0000000000000000
 2458541.5000100000761449      10.6388999999999996      -5.3541299999999996       7.4929399999999999       0.0000000000000000
 2458542.5000100000761449      10.5510000000000002       0.0062258100000000     -12.9943000000000008       0.0000000000000000
 2458543.5000100000761449      10.4631000000000007      -0.0560323000000000     -16.3989000000000011       0.0000000000000000
 2458544.5000100000761449      10.5510000000000002      -0.0892366000000000     -12.0683000000000007       0.0000000000000000
 2458545.5000100000761449      10.6388999999999996       0.0228280000000000      10.6437000000000008       0.0000000000000000
 2458546.5000100000761449      10.5510000000000002       0.0186774000000000     -11.1013000000000002       0.0000000000000000
 2458547.5000100000761449      10.7269000000000005       0.0954624000000000      -4.7766299999999999       0.0000000000000000
 2458548.5000100000761449      10.6388999999999996      -0.0788602000000000     -10.1290999999999993       0.0000000000000000
 2458549.5000100000761449      10.6388999999999996       0.0664086000000000       9.1995299999999993       0.0000000000000000
 2458550.5000100000761449      10.6388999999999996      -0.0933871000000000      -9.1425800000000006       0.0000000000000000
 2458551.5000100000761449      10.4631000000000007      -0.0228280000000000     -14.7418999999999993       0.0000000000000000
 2458552.5000100000761449      10.6388999999999996      -3.8402500000000002       2.7538800000000001       0.0000000000000000
 2458553.5000100000761449      10.7269000000000005       0.0726344000000000       5.8924399999999997       0.0000000000000000
 2458554.5000100000761449      10.7269000000000005      -2.2827999999999999       2.9489600000000000       0.0000000000000000
 2458555.5000100000761449      10.7269000000000005       0.0560323000000000       3.8505600000000002       0.0000000000000000
 2458556.5000100000761449      10.7269000000000005      -0.8965160000000000       2.3409000000000000       0.0000000000000000
 2458557.5000100000761449      10.7269000000000005       0.0498065000000000       1.8718900000000001       0.0000000000000000
 2458558.5000100000761449      10.7269000000000005       0.0290538000000000       0.9795270000000000       0.0000000000000000
 2458559.5000100000761449      10.7269000000000005      -0.6267310000000000      -1.4340100000000000       0.0000000000000000
 2458560.5000100000761449      10.2873000000000001      -0.6744620000000000     -18.2959999999999994       0.0000000000000000
 2458561.5000100000761449      10.3751999999999995      -0.0352796000000000      17.9495000000000005       0.0000000000000000
 2458562.5000100000761449      10.5510000000000002      -0.6744620000000000      -9.8544800000000006       0.0000000000000000
 2458563.5000100000761449      10.5510000000000002      -0.0933871000000000     -10.5642999999999994       0.0000000000000000
 2458564.5000100000761449      10.5510000000000002      -0.2490320000000000     -10.4788999999999994       0.0000000000000000
 2458565.5000100000761449      10.5510000000000002       0.1701720000000000      11.6829999999999998       0.0000000000000000
 2458566.5000100000761449      10.2873000000000001      -0.5790000000000000     -18.7946999999999989       0.0000000000000000
 2458567.5000100000761449      10.6388999999999996      -0.3154410000000000      -8.1296400000000002       0.0000000000000000
 2458568.5000100000761449      10.2873000000000001      -0.3029890000000000     -18.2794999999999987       0.0000000000000000
 2458569.5000100000761449      10.2873000000000001       5.4077500000000001     -18.4316999999999993       0.0000000000000000
 2458570.5000100000761449      10.4631000000000007      -0.2552580000000000     -13.0637000000000008       0.0000000000000000
 2458571.5000100000761449      10.2873000000000001      -0.0705591000000000     -17.6837000000000018       0.0000000000000000
 2458572.5000100000761449      10.6388999999999996       0.2697850000000000       5.2716300000000000       0.0000000000000000
 2458573.5000100000761449      10.4631000000000007      13.6829000000000001       6.5318100000000001       0.0000000000000000
 2458574.5000100000761449      10.2873000000000001      -0.0850860000000000     -17.7955000000000005       0.0000000000000000
 2458575.5000100000761449      10.3751999999999995      -0.0581075000000000     -15.8529999999999998       0.0000000000000000
 2458576.5000100000761449      10.2873000000000001       0.0269785000000000     -16.8116999999999983       0.0000000000000000
 2458577.5000100000761449      10.2873000000000001      -0.0705591000000000     -17.8284999999999982       0.0000000000000000
 2458578.5000100000761449      10.1992999999999991      -0.4109030000000000     -19.1007999999999996       0.0000000000000000
 2458579.5000100000761449      10.2873000000000001      -9.6210199999999997     -14.1014999999999997       0.0000000000000000
 2458580.5000100000761449      10.2873000000000001      -0.3922260000000000     -17.3055999999999983       0.0000000000000000
 2458581.5000100000761449      10.4631000000000007       0.2179030000000000      12.2264999999999997       0.0000000000000000
 2458582.5000100000761449      10.2873000000000001       5.0468099999999998     -15.2666000000000004       0.0000000000000000
 2458583.5000100000761449      10.2873000000000001       5.8140599999999996     -15.9379000000000008       0.0000000000000000
 2458584.5000100000761449      10.6388999999999996      -0.3631720000000000      -0.2801610000000000       0.0000000000000000
 2458585.5000100000761449      10.4631000000000007      -3.3992900000000001     -10.7942000000000000       0.0000000000000000
 2458586.5000100000761449      10.5510000000000002      -0.1992260000000000      -8.3635500000000000       0.0000000000000000
 2458587.5000100000761449      10.4631000000000007      -0.2843120000000000     -12.4888999999999992       0.0000000000000000
 2458588.5000100000761449      10.5510000000000002       0.7616240000000000      -5.6593799999999996       0.0000000000000000
 2458589.5000100000761449      10.1992999999999991       0.4026020000000000      18.4334999999999987       0.0000000000000000
 2458590.5000100000761449      10.6388999999999996      -0.3901510000000000      -0.5790000000000000       0.0000000000000000
 2458591.5000100000761449      10.5510000000000002       5.1334400000000002       4.9127500000000000       0.0000000000000000
 2458592.5000100000761449      10.5510000000000002      -0.4856130000000000       3.5881400000000001       0.0000000000000000
 2458593.5000100000761449      10.5510000000000002      -0.1307420000000000      -6.2203799999999996       0.0000000000000000
 2458594.5000100000761449      10.5510000000000002      -0.5727740000000000      -6.5070600000000001       0.0000000000000000
 2458595.5000100000761449      10.2873000000000001       0.4046770000000000      16.2118000000000002       0.0000000000000000
 2458596.5000100000761449      10.5510000000000002      -0.3735480000000000       5.8037500000000000       0.0000000000000000
 2458597.5000100000761449      10.1992999999999991      -0.1930000000000000     -18.2282000000000011       0.0000000000000000
 2458598.5000100000761449      10.1992999999999991      -6.1667500000000004     -16.6458000000000013       0.0000000000000000
 2458599.5000100000761449      10.1113999999999997      -0.2241290000000000     -18.9780000000000015       0.0000000000000000
 2458600.5000100000761449      10.5510000000000002      -0.0871613000000000       1.6913400000000001       0.0000000000000000
 2458601.5000100000761449      10.2873000000000001       1.3115699999999999      16.3256000000000014       0.0000000000000000
 2458602.5000100000761449      10.5510000000000002      -0.4129790000000000      -3.1087500000000001       0.0000000000000000
 2458603.5000100000761449      10.2873000000000001      -0.2096020000000000     -14.4159000000000006       0.0000000000000000
 2458604.5000100000761449      10.4631000000000007      -4.2238800000000003       7.1629399999999999       0.0000000000000000
 2458605.5000100000761449      10.3751999999999995       7.1361299999999996      -9.3175000000000008       0.0000000000000000
 2458606.5000100000761449      10.2873000000000001       0.5374949999999999     -13.9779999999999998       0.0000000000000000
 2458607.5000100000761449      10.2873000000000001      -0.3133660000000000     -13.4379000000000008       0.0000000000000000
 2458608.5000100000761449      10.3751999999999995      -0.4420320000000000     -12.0645000000000007       0.0000000000000000
 2458609.5000100000761449      10.4631000000000007       0.4254300000000000       6.4513800000000003       0.0000000000000000
 2458610.5000100000761449      10.2873000000000001       0.2469570000000000     -15.4402000000000008       0.0000000000000000
 2458611.5000100000761449      10.2873000000000001      -0.2116770000000000     -14.5683000000000007       0.0000000000000000
 2458612.5000100000761449      10.2873000000000001       0.2490320000000000     -13.7331000000000003       0.0000000000000000
 2458613.5000100000761449      10.2873000000000001      -0.2033760000000000     -12.8727000000000000       0.0000000000000000
 2458614.5000100000761449      10.5510000000000002      -0.5374949999999999       2.7767100000000000       0.0000000000000000
 2458615.5000100000761449      10.3751999999999995      -0.2386560000000000     -10.1473999999999993       0.0000000000000000
 2458616.5000100000761449      10.3751999999999995      -0.3922260000000000      13.3028999999999993       0.0000000000000000
 2458617.5000100000761449      10.3751999999999995       0.0394301000000000      12.4039999999999999       0.0000000000000000
 2458618.5000100000761449      10.4631000000000007      -0.5271180000000000       4.0691899999999999       0.0000000000000000
 2458619.5000100000761449      10.1992999999999991      -0.0560323000000000      16.8830999999999989       0.0000000000000000
 2458620.5000100000761449      10.4631000000000007       1.3821300000000001      -3.4926800000000000       0.0000000000000000
 2458621.5000100000761449      10.4631000000000007       0.5188170000000000      -3.0132900000000000       0.0000000000000000
 2458622.5000100000761449      10.4631000000000007       0.3382690000000000      -5.3582500000000000       0.0000000000000000
 2458623.5000100000761449      10.3751999999999995       0.1909250000000000      -9.6612500000000008       0.0000000000000000
 2458624.5000100000761449       9.4960000000000004     -18.9502999999999986     -20.5987000000000009       0.0000000000000000
 2458625.5000100000761449      10.1113999999999997      -0.3424190000000000     -17.2631000000000014       0.0000000000000000
 2458626.5000100000761449      10.2873000000000001      -0.3714730000000000     -13.5074000000000005       0.0000000000000000
 2458627.5000100000761449      10.4631000000000007      -0.1763980000000000       8.2272800000000004       0.0000000000000000
 2458628.5000100000761449      10.4631000000000007       0.3299680000000000       7.1031300000000002       0.0000000000000000
 2458629.5000100000761449      10.4631000000000007      -0.1162150000000000       7.9872600000000000       0.0000000000000000
 2458630.5000100000761449      10.2873000000000001      -0.6495590000000000     -13.3299000000000003       0.0000000000000000
 2458631.5000100000761449      10.4631000000000007      -0.0311290000000000      -0.8114300000000000       0.0000000000000000
 2458632.5000100000761449      10.2873000000000001       0.5727740000000000     -13.1524000000000001       0.0000000000000000
 2458633.5000100000761449      10.0235000000000003       0.1058390000000000     -19.5701999999999998       0.0000000000000000
 2458634.5000100000761449      10.1113999999999997       0.5354190000000000      17.1898000000000017       0.0000000000000000
 2458635.5000100000761449      10.1992999999999991      -0.1473440000000000      16.4258999999999986       0.0000000000000000
 2458636.5000100000761449      10.1992999999999991      -0.4586340000000000      15.0640999999999998       0.0000000000000000
 2458637.5000100000761449      10.2873000000000001      -0.1411180000000000      12.3017000000000003       0.0000000000000000
 2458638.5000100000761449      10.3751999999999995       3.6213400000000000      10.4666999999999994       0.0000000000000000
 2458639.5000100000761449      10.2873000000000001      -0.3175160000000000      12.0451999999999995       0.0000000000000000
 2458640.5000100000761449      10.1113999999999997      -0.3258170000000000     -16.8676999999999992       0.0000000000000000
 2458641.5000100000761449      10.4631000000000007      -0.2407310000000000      -0.3237420000000000       0.0000000000000000
 2458642.5000100000761449      10.1113999999999997      -0.2614840000000000     -17.1975000000000016       0.0000000000000000
 2458643.5000100000761449      10.1992999999999991       9.5758200000000002      11.7827000000000002       0.0000000000000000
 2458644.5000100000761449      10.1992999999999991      -0.2365810000000000      15.7469000000000001       0.0000000000000000
 2458645.5000100000761449      10.1113999999999997       0.5063660000000000      16.9969000000000001       0.0000000000000000
 2458646.5000100000761449      10.3751999999999995      -0.5478710000000000      -6.2080000000000002       0.0000000000000000
 2458647.5000100000761449      10.1113999999999997      -0.1245160000000000     -15.7932000000000006       0.0000000000000000
 2458648.5000100000761449      10.0235000000000003       0.4876880000000000     -18.8404999999999987       0.0000000000000000
 2458649.5000100000761449      10.0235000000000003      -0.4524090000000000     -18.4573000000000000       0.0000000000000000
 2458650.5000100000761449      10.4631000000000007      -0.2801610000000000      -0.7906770000000000       0.0000000000000000
 2458651.5000100000761449      10.3751999999999995      -0.2988390000000000      -7.4331300000000002       0.0000000000000000
 2458652.5000100000761449      10.3751999999999995      -1.9507500000000000      -6.6968100000000002       0.0000000000000000
 2458653.5000100000761449      10.3751999999999995      -0.3092150000000000      -8.5832300000000004       0.0000000000000000
 2458654.5000100000761449      10.2873000000000001       0.4171290000000000     -10.2286999999999999       0.0000000000000000
 2458655.5000100000761449      10.2873000000000001      -0.3154410000000000      -9.5290400000000002       0.0000000000000000
 2458656.5000100000761449      10.4631000000000007      -0.5084410000000000      -2.7621799999999999       0.0000000000000000
 2458657.5000100000761449      10.2873000000000001      -0.3320430000000000     -11.1095000000000006       0.0000000000000000
 2458658.5000100000761449      10.4631000000000007      -0.5022150000000000      -2.0752700000000002       0.0000000000000000
 2458659.5000100000761449      10.2873000000000001      -0.3382690000000000     -12.2013999999999996       0.0000000000000000
 2458660.5000100000761449      10.4631000000000007      -0.4918390000000000      -1.3655299999999999       0.0000000000000000
 2458661.5000100000761449      10.1992999999999991      -0.3548710000000000     -13.8178999999999998       0.0000000000000000
 2458662.5000100000761449      10.4631000000000007      -0.7906770000000000       4.3331900000000001       0.0000000000000000
 2458663.5000100000761449      10.4631000000000007       0.4192040000000000      -0.3133660000000000       0.0000000000000000
 2458664.5000100000761449       9.8476700000000008      12.5853000000000002     -17.6469999999999985       0.0000000000000000
 2458665.5000100000761449       9.9355899999999995      12.0374999999999996     -16.7982000000000014       0.0000000000000000
 2458666.5000100000761449      10.4631000000000007      -0.0228280000000000       4.5167500000000000       0.0000000000000000
 2458667.5000100000761449      10.4631000000000007       3.1585600000000000       3.1481800000000000       0.0000000000000000
 2458668.5000100000761449      10.0235000000000003       3.4802300000000002      18.6222999999999992       0.0000000000000000
 2458669.5000100000761449      10.4631000000000007       0.5084410000000000      -1.3613800000000000       0.0000000000000000
 2458670.5000100000761449      10.4631000000000007      -0.4607100000000000       2.1167699999999998       0.0000000000000000
 2458671.5000100000761449      10.1113999999999997       0.3569460000000000      16.4393999999999991       0.0000000000000000
 2458672.5000100000761449      10.4631000000000007       0.4378820000000000       0.1494190000000000       0.0000000000000000
 2458673.5000100000761449      10.3751999999999995      -0.3631720000000000      -8.4184699999999992       0.0000000000000000
 2458674.5000100000761449      10.2873000000000001       2.7808600000000001      12.8033000000000001       0.0000000000000000
 2458675.5000100000761449      10.1992999999999991       0.2013010000000000      14.7207000000000008       0.0000000000000000
 2458676.5000100000761449      10.1113999999999997      -0.2116770000000000      17.1107000000000014       0.0000000000000000
 2458677.5000100000761449      10.1113999999999997       1.8615200000000001      17.2631000000000014       0.0000000000000000
 2458678.5000100000761449      10.1992999999999991       0.4814620000000000      14.7090999999999994       0.0000000000000000
 2458679.5000100000761449      10.4631000000000007       0.1950750000000000      -0.3133660000000000       0.0000000000000000
 2458680.5000100000761449      10.0235000000000003      -0.2116770000000000      17.9531999999999989       0.0000000000000000
 2458681.5000100000761449      10.0235000000000003       0.3631720000000000      18.6314999999999991       0.0000000000000000
 2458682.5000100000761449      10.3751999999999995       0.4088280000000000      -6.4616899999999999       0.0000000000000000
 2458683.5000100000761449      10.3751999999999995      -0.2594090000000000       9.2341099999999994       0.0000000000000000
 2458684.5000100000761449      10.1992999999999991       0.0311290000000000     -13.5035000000000007       0.0000000000000000
 2458685.5000100000761449      10.3751999999999995      -0.2718600000000000       8.0157399999999992       0.0000000000000000
 2458686.5000100000761449      10.2873000000000001     -11.4199000000000002      -3.9206900000000000       0.0000000000000000
 2458687.5000100000761449      10.4631000000000007      -0.4088280000000000      -2.5899399999999999       0.0000000000000000
 2458688.5000100000761449      10.3751999999999995      -0.1120650000000000      -7.9120100000000004       0.0000000000000000
 2458689.5000100000761449      10.3751999999999995       0.3963760000000000       6.7421899999999999       0.0000000000000000
 2458690.5000100000761449      10.3751999999999995      -0.3943010000000000       6.4410600000000002       0.0000000000000000
 2458691.5000100000761449      10.4631000000000007      -0.2946880000000000       4.1764400000000004       0.0000000000000000
 2458692.5000100000761449      10.4631000000000007      -0.1743230000000000      -1.1351700000000000       0.0000000000000000
 2458693.5000100000761449      10.4631000000000007      -0.1286670000000000      -5.0942499999999997       0.0000000000000000
 2458694.5000100000761449      10.0235000000000003       0.4897630000000000      19.2932999999999986       0.0000000000000000
 2458695.5000100000761449      10.3751999999999995      -1.7411500000000000      -9.0612200000000005       0.0000000000000000
 2458696.5000100000761449      10.3751999999999995      -8.7546400000000002      -1.1081900000000000       0.0000000000000000
 2458697.5000100000761449      10.4631000000000007       0.3673230000000000       1.8158600000000000       0.0000000000000000
 2458698.5000100000761449      10.3751999999999995       0.1805480000000000      -8.4794900000000002       0.0000000000000000
 2458699.5000100000761449      10.3751999999999995      -0.2033760000000000      -9.3622499999999995       0.0000000000000000
 2458700.5000100000761449      10.4631000000000007       0.3507200000000000      -1.5274000000000001       0.0000000000000000
 2458701.5000100000761449      10.3751999999999995      -0.1743230000000000      -9.6266700000000007       0.0000000000000000
 2458702.5000100000761449      10.4631000000000007       0.3818490000000000      -4.7745600000000001       0.0000000000000000
 2458703.5000100000761449      10.4631000000000007      -1.0231100000000000      -5.7913800000000002       0.0000000000000000
 2458704.5000100000761449      10.4631000000000007       0.1162150000000000       5.1705600000000000       0.0000000000000000
 2458705.5000100000761449      10.2873000000000001       0.5852260000000000      13.4262999999999995       0.0000000000000000
 2458706.5000100000761449      10.3751999999999995       8.9818899999999999       4.8818099999999998       0.0000000000000000
 2458707.5000100000761449      10.2873000000000001       0.5935270000000000      13.9644999999999992       0.0000000000000000
 2458708.5000100000761449      10.1992999999999991      14.8442000000000007      -6.7690000000000001       0.0000000000000000
 2458709.5000100000761449      10.1992999999999991       0.0477312000000000      15.6080000000000005       0.0000000000000000
 2458710.5000100000761449      10.3751999999999995      -7.7816900000000002       7.9018400000000000       0.0000000000000000
 2458711.5000100000761449      10.2873000000000001      -7.5362499999999999       8.8313699999999997       0.0000000000000000
 2458712.5000100000761449      10.2873000000000001     -12.7965000000000000      -0.2282800000000000       0.0000000000000000
 2458713.5000100000761449      10.1113999999999997     -12.2413000000000007     -13.2333999999999996       0.0000000000000000
 2458714.5000100000761449      10.3751999999999995      -4.4033100000000003     -10.5785999999999998       0.0000000000000000
 2458715.5000100000761449      10.0235000000000003       0.5042900000000000     -18.6920000000000002       0.0000000000000000
 2458716.5000100000761449      10.3751999999999995      -0.8799140000000000      10.4220000000000006       0.0000000000000000
 2458717.5000100000761449      10.2873000000000001      -9.3141700000000007       9.1181699999999992       0.0000000000000000
 2458718.5000100000761449      10.2873000000000001       0.2801610000000000     -13.1022999999999996       0.0000000000000000
 2458719.5000100000761449      10.4631000000000007      -0.3652470000000000       4.5394399999999999       0.0000000000000000
 2458720.5000100000761449      10.3751999999999995     -10.3409999999999993       0.8425589999999999       0.0000000000000000
 2458721.5000100000761449      10.1992999999999991       0.1826240000000000     -16.9738000000000007       0.0000000000000000
 2458722.5000100000761449      10.4631000000000007      -0.7740750000000000       8.6849299999999996       0.0000000000000000
 2458723.5000100000761449      10.3751999999999995      -2.6999200000000001      -9.5025899999999996       0.0000000000000000
 2458724.5000100000761449      10.1992999999999991       0.2573330000000000     -16.9313000000000002       0.0000000000000000
 2458725.5000100000761449      10.1113999999999997       0.3029890000000000     -17.6160999999999994       0.0000000000000000
 2458726.5000100000761449      10.1113999999999997       0.1016880000000000     -18.8258000000000010       0.0000000000000000
 2458727.5000100000761449      10.3751999999999995      -3.3806099999999999      -9.9744799999999998       0.0000000000000000
 2458728.5000100000761449      10.3751999999999995      -0.1245160000000000     -12.2766999999999999       0.0000000000000000
 2458729.5000100000761449      10.4631000000000007       0.9774520000000000      -9.6531099999999999       0.0000000000000000
 2458730.5000100000761449      10.3751999999999995       0.0041505400000000     -12.7763000000000009       0.0000000000000000
 2458731.5000100000761449      10.3751999999999995       1.6560600000000001     -11.0850000000000009       0.0000000000000000
 2458732.5000100000761449      10.4631000000000007      -7.8160699999999999      -3.0257399999999999       0.0000000000000000
 2458733.5000100000761449      10.3751999999999995       0.8259570000000001     -12.4193999999999996       0.0000000000000000
 2458734.5000100000761449      10.5510000000000002       1.4921199999999999       0.1888490000000000       0.0000000000000000
 2458735.5000100000761449      10.5510000000000002       1.5689000000000000       1.0853699999999999       0.0000000000000000
 2458736.5000100000761449      10.5510000000000002       1.5813500000000000       1.9611300000000000       0.0000000000000000
 2458737.5000100000761449      10.5510000000000002       1.6622900000000000       2.8451900000000001       0.0000000000000000
 2458738.5000100000761449      10.5510000000000002       1.7038000000000000       3.6896900000000001       0.0000000000000000
 2458739.5000100000761449      10.5510000000000002       1.7577499999999999       4.5848100000000001       0.0000000000000000
 2458740.5000100000761449      10.2873000000000001       2.3761800000000002     -15.5097000000000005       0.0000000000000000
 2458741.5000100000761449      10.1992999999999991       0.4275050000000000     -17.0104000000000006       0.0000000000000000
 2458742.5000100000761449      10.5510000000000002       0.3133660000000000      -3.9805000000000001       0.0000000000000000
 2458743.5000100000761449      10.1992999999999991       0.4295810000000000     -18.4372000000000007       0.0000000000000000
 2458744.5000100000761449      10.2873000000000001       0.0124516000000000     -15.5520999999999994       0.0000000000000000
 2458745.5000100000761449      10.5510000000000002       0.3278920000000000      -4.8694400000000000       0.0000000000000000
 2458746.5000100000761449      10.5510000000000002      -0.2199780000000000      -7.3423699999999998       0.0000000000000000
 2458747.5000100000761449      10.5510000000000002       0.2282800000000000       2.5318299999999998       0.0000000000000000
 2458748.5000100000761449      10.5510000000000002      -0.0394301000000000      -3.0257399999999999       0.0000000000000000
 2458749.5000100000761449      10.5510000000000002      -4.4095000000000004      -4.1826200000000000       0.0000000000000000
 2458750.5000100000761449      10.5510000000000002       0.0000000000000000       8.8883299999999998       0.0000000000000000
 2458751.5000100000761449      10.6388999999999996      -1.3011900000000001       2.9946100000000002       0.0000000000000000
 2458752.5000100000761449      10.5510000000000002       2.4674900000000002      -8.2496500000000008       0.0000000000000000
 2458753.5000100000761449      10.4631000000000007       0.4150540000000000     -12.7300000000000004       0.0000000000000000
 2458754.5000100000761449      10.1992999999999991       0.0601828000000000      19.1576999999999984       0.0000000000000000
 2458755.5000100000761449      10.5510000000000002      -0.5748490000000001       7.8367500000000003       0.0000000000000000
 2458756.5000100000761449      10.6388999999999996       0.2905380000000000      -3.4532500000000002       0.0000000000000000
 2458757.5000100000761449      10.6388999999999996      -0.6578600000000000      -3.4428700000000001       0.0000000000000000
 2458758.5000100000761449      10.4631000000000007       0.0933871000000000      13.4572000000000003       0.0000000000000000
 2458759.5000100000761449      10.2873000000000001       0.3797740000000000     -18.2042999999999999       0.0000000000000000
 2458760.5000100000761449      10.2873000000000001       0.1556450000000000      19.1484999999999985       0.0000000000000000
 2458761.5000100000761449      10.3751999999999995       0.6163550000000000     -15.2897999999999996       0.0000000000000000
 2458762.5000100000761449      10.2873000000000001       0.1452690000000000      18.5416999999999987       0.0000000000000000
 2458763.5000100000761449      10.2873000000000001      -0.5935270000000000      19.3537999999999997       0.0000000000000000
 2458764.5000100000761449      10.6388999999999996       0.2718600000000000      -4.3146199999999997       0.0000000000000000
 2458765.5000100000761449      10.4631000000000007      -0.5146670000000000      13.0289999999999999       0.0000000000000000
 2458766.5000100000761449      10.2873000000000001       1.6809700000000001      18.4151999999999987       0.0000000000000000
 2458767.5000100000761449      10.4631000000000007     -12.4303000000000008       5.7212500000000004       0.0000000000000000
 2458768.5000100000761449      10.6388999999999996      -0.1701720000000000      -2.6646500000000000       0.0000000000000000
 2458769.5000100000761449      10.6388999999999996       3.9495600000000000      -6.2801900000000002       0.0000000000000000
 2458770.5000100000761449      10.6388999999999996       0.0581075000000000      -6.4410600000000002       0.0000000000000000
 2458771.5000100000761449      10.6388999999999996      -0.7180430000000000      -4.5868700000000002       0.0000000000000000
 2458772.5000100000761449      10.6388999999999996       0.2594090000000000       3.4947499999999998       0.0000000000000000
 2458773.5000100000761449      10.6388999999999996      -0.5457959999999999       2.9240499999999998       0.0000000000000000
 2458774.5000100000761449      10.4631000000000007      -0.0145269000000000      14.4293999999999993       0.0000000000000000
 2458775.5000100000761449      10.4631000000000007       0.2739350000000000      15.3727000000000000       0.0000000000000000
 2458776.5000100000761449      10.5510000000000002       0.2158280000000000      13.9067000000000007       0.0000000000000000
 2458777.5000100000761449      10.5510000000000002      10.9771999999999998      -0.3652470000000000       0.0000000000000000
 2458778.5000100000761449      10.4631000000000007      -0.2179030000000000      16.8039999999999985       0.0000000000000000
 2458779.5000100000761449      10.5510000000000002       0.4254300000000000      11.0545000000000009       0.0000000000000000
 2458780.5000100000761449      10.3751999999999995       0.0124516000000000     -16.4356000000000009       0.0000000000000000
 2458781.5000100000761449      10.7269000000000005       0.7097420000000000       3.0734699999999999       0.0000000000000000
 2458782.5000100000761449      10.7269000000000005       0.0373548000000000      -2.5754100000000002       0.0000000000000000
 2458783.5000100000761449      10.3751999999999995     -11.3899000000000008     -12.0817999999999994       0.0000000000000000
 2458784.5000100000761449      10.7269000000000005       0.0290538000000000      -4.5703699999999996       0.0000000000000000
 2458785.5000100000761449      10.3751999999999995       0.5790000000000000     -18.6057999999999986       0.0000000000000000
 2458786.5000100000761449      10.5510000000000002      -0.0726344000000000     -13.2026000000000003       0.0000000000000000
 2458787.5000100000761449      10.7269000000000005      -0.5312690000000000       0.0269785000000000       0.0000000000000000
 2458788.5000100000761449      10.6388999999999996       0.0062258100000000      -8.5771200000000007       0.0000000000000000
 2458789.5000100000761449      10.6388999999999996       0.7180430000000000      -7.2289399999999997       0.0000000000000000
 2458790.5000100000761449      10.7269000000000005       5.0488700000000000      -1.7058700000000000       0.0000000000000000
 2458791.5000100000761449      10.3751999999999995      -0.5499460000000000     -18.0118000000000009       0.0000000000000000
 2458792.5000100000761449      10.7269000000000005       5.6036900000000003       2.7933100000000000       0.0000000000000000
 2458793.5000100000761449      10.6388999999999996      -0.6578600000000000     -10.1616000000000000       0.0000000000000000
 2458794.5000100000761449      10.3751999999999995       0.0249032000000000     -17.3344999999999985       0.0000000000000000
 2458795.5000100000761449      10.4631000000000007      -0.3984520000000000     -16.5147000000000013       0.0000000000000000
 2458796.5000100000761449      10.7269000000000005      -0.6308820000000001       2.1147000000000000       0.0000000000000000
 2458797.5000100000761449      10.4631000000000007      -0.2677100000000000     -15.1644000000000005       0.0000000000000000
 2458798.5000100000761449      10.3751999999999995       0.4275050000000000     -19.0641999999999996       0.0000000000000000
 2458799.5000100000761449      10.3751999999999995      -0.1743230000000000     -18.4390000000000001       0.0000000000000000
 2458800.5000100000761449      10.6388999999999996      -0.0290538000000000      11.2355999999999998       0.0000000000000000
 2458801.5000100000761449      10.3751999999999995       0.2863870000000000     -18.0172999999999988       0.0000000000000000
 2458802.5000100000761449      10.7269000000000005      -0.9068920000000000       7.1526300000000003       0.0000000000000000
 2458803.5000100000761449      10.5510000000000002       3.7598099999999999     -11.6077999999999992       0.0000000000000000
 2458804.5000100000761449      10.5510000000000002       0.1203660000000000     -14.9387000000000008       0.0000000000000000
 2458805.5000100000761449      10.7269000000000005       5.2881299999999998       0.5125910000000000       0.0000000000000000
 2458806.5000100000761449      10.6388999999999996      -8.5601099999999999       5.4366300000000001       0.0000000000000000
 2458807.5000100000761449      10.3751999999999995      -1.3157200000000000     -18.2740000000000009       0.0000000000000000
 2458808.5000100000761449      10.7269000000000005       0.2760110000000000       6.1069399999999998       0.0000000000000000
 2458809.5000100000761449      10.4631000000000007       0.2760110000000000     -16.7731999999999992       0.0000000000000000
 2458810.5000100000761449      10.4631000000000007       0.0684839000000000      19.0549999999999997       0.0000000000000000
 2458811.5000100000761449      10.4631000000000007      -0.2303550000000000     -17.5640999999999998       0.0000000000000000
 2458812.5000100000761449      10.4631000000000007       0.0269785000000000      19.3079999999999998       0.0000000000000000
 2458813.5000100000761449      10.4631000000000007      -0.2303550000000000     -17.9110000000000014       0.0000000000000000
 2458814.5000100000761449      10.4631000000000007      -0.0103763000000000     -18.5618000000000016       0.0000000000000000
 2458815.5000100000761449      10.4631000000000007       0.6744620000000000     -17.6277000000000008       0.0000000000000000
 2458816.5000100000761449      10.7269000000000005       3.3494799999999998      -5.2736900000000002       0.0000000000000000
 2458817.5000100000761449      10.3751999999999995      -0.2220540000000000     -18.5141999999999989       0.0000000000000000
 2458818.5000100000761449      10.7269000000000005      -0.0456559000000000      -7.0412499999999998       0.0000000000000000
 2458819.5000100000761449      10.3751999999999995      -0.2158280000000000     -18.7854999999999990       0.0000000000000000
 2458820.5000100000761449      10.3751999999999995      -0.0518817000000000     -19.1026999999999987       0.0000000000000000
 2458821.5000100000761449      10.3751999999999995      -0.2116770000000000     -19.0292999999999992       0.0000000000000000
 2458822.5000100000761449      10.6388999999999996      -0.0228280000000000     -12.8206000000000007       0.0000000000000000
 2458823.5000100000761449      10.3751999999999995      -0.2054520000000000     -19.2493000000000016       0.0000000000000000
 2458824.5000100000761449      10.5510000000000002       0.2075270000000000      17.7001999999999988       0.0000000000000000
 2458825.5000100000761449      10.3751999999999995      -0.2013010000000000     -19.4454999999999991       0.0000000000000000
 2458826.5000100000761449      10.6388999999999996      -0.0290538000000000     -13.6019000000000005       0.0000000000000000
 2458827.5000100000761449      10.3751999999999995      -0.1950750000000000     -19.6307000000000009       0.0000000000000000
 2458828.5000100000761449      10.7269000000000005      -3.1149800000000001       2.5235300000000001       0.0000000000000000
 2458829.5000100000761449      10.3751999999999995      -0.1909250000000000     -19.7828000000000017       0.0000000000000000
 2458830.5000100000761449      10.8148000000000000       0.0830108000000000       2.7559600000000000       0.0000000000000000
 2458831.5000100000761449      10.6388999999999996      -0.1328170000000000     -12.3191000000000006       0.0000000000000000
 2458832.5000100000761449      10.7269000000000005       0.0041505400000000       9.4619099999999996       0.0000000000000000
 2458833.5000100000761449      10.6388999999999996      -0.0207527000000000     -12.5717999999999996       0.0000000000000000
 2458834.5000100000761449      10.7269000000000005       1.8594400000000000      10.4565000000000001       0.0000000000000000
 2458835.5000100000761449      10.6388999999999996      -0.1328170000000000     -12.8862000000000005       0.0000000000000000
 2458836.5000100000761449      10.7269000000000005       6.8308700000000000      -2.1084700000000001       0.0000000000000000
