Time P3114 A5334 A5335 A5016
Sampling rate [day] =  1.00000
Retrieving method =  last
Binning mode =  all
 2456293.5000100000761449      11.2544000000000004       0.3507200000000000      -4.6281299999999996       0.0000000000000000
 2456294.5000100000761449      11.0785000000000000       0.0954624000000000      11.7339000000000002       0.0000000000000000
 2456295.5000100000761449      10.9906000000000006       0.0809355000000000      17.3499000000000017       0.0000000000000000
 2456296.5000100000761449      11.1663999999999994      -0.6620110000000000      -9.6287000000000003       0.0000000000000000
 2456297.5000100000761449      10.9906000000000006       0.2096020000000000     -15.0004000000000008       0.0000000000000000
 2456298.5000100000761449      10.9906000000000006      -0.5146670000000000     -15.7372999999999994       0.0000000000000000
 2456299.5000100000761449      11.2544000000000004       0.0145269000000000      -0.6059780000000000       0.0000000000000000
 2456300.5000100000761449      11.2544000000000004      -0.1950750000000000       4.7910599999999999       0.0000000000000000
 2456301.5000100000761449      11.2544000000000004       0.3133660000000000      -1.6643699999999999       0.0000000000000000
 2456302.5000100000761449      11.1663999999999994      -0.3112900000000000      -4.4424999999999999       0.0000000000000000
 2456303.5000100000761449      10.9906000000000006       0.2718600000000000     -15.5309000000000008       0.0000000000000000
 2456304.5000100000761449      10.9026999999999994       0.2614840000000000      19.0587000000000018       0.0000000000000000
 2456305.5000100000761449      10.9026999999999994      -0.1224410000000000     -16.3024999999999984       0.0000000000000000
 2456306.5000100000761449      10.9906000000000006      -0.0311290000000000     -15.2897999999999996       0.0000000000000000
 2456307.5000100000761449      10.9906000000000006      -0.1162150000000000     -14.2769999999999992       0.0000000000000000
 2456308.5000100000761449      11.0785000000000000      -0.0207527000000000     -13.2855000000000008       0.0000000000000000
 2456309.5000100000761449      11.2544000000000004       0.1930000000000000       3.5092800000000000       0.0000000000000000
 2456310.5000100000761449      11.2544000000000004      -0.3154410000000000       2.6438899999999999       0.0000000000000000
 2456311.5000100000761449      11.0785000000000000      -0.1286670000000000     -11.9198000000000004       0.0000000000000000
 2456312.5000100000761449      10.7269000000000005      10.2876999999999992     -19.1392999999999986       0.0000000000000000
 2456313.5000100000761449      11.2544000000000004       0.4337310000000000       4.4260000000000002       0.0000000000000000
 2456314.5000100000761449      10.8148000000000000      -0.8031290000000000     -18.2959999999999994       0.0000000000000000
 2456315.5000100000761449      11.2544000000000004       0.2365810000000000      -1.8386899999999999       0.0000000000000000
 2456316.5000100000761449      11.2544000000000004      -0.5623980000000000      -1.2202599999999999       0.0000000000000000
 2456317.5000100000761449      11.2544000000000004       0.2199780000000000      -1.6021099999999999       0.0000000000000000
 2456318.5000100000761449      11.2544000000000004      -0.5603230000000000      -0.9795270000000000       0.0000000000000000
 2456319.5000100000761449      11.1663999999999994       0.1411180000000000       5.4366300000000001       0.0000000000000000
 2456320.5000100000761449      11.1663999999999994      -0.2469570000000000       6.3564999999999996       0.0000000000000000
 2456321.5000100000761449      11.1663999999999994       0.1058390000000000      -4.6219400000000004       0.0000000000000000
 2456322.5000100000761449      11.1663999999999994      -0.2780860000000000      -5.5335599999999996       0.0000000000000000
 2456323.5000100000761449      11.1663999999999994       0.0933871000000000      -6.4988099999999998       0.0000000000000000
 2456324.5000100000761449      11.1663999999999994      -0.2946880000000000      -7.4145599999999998       0.0000000000000000
 2456325.5000100000761449      11.1663999999999994       0.1037630000000000      -8.3818599999999996       0.0000000000000000
 2456326.5000100000761449      11.1663999999999994       5.7604400000000000       7.7858099999999997       0.0000000000000000
 2456327.5000100000761449      10.9906000000000006       0.2531830000000000      15.1373999999999995       0.0000000000000000
 2456328.5000100000761449      10.9906000000000006      -0.4544840000000000      15.8568999999999996       0.0000000000000000
 2456329.5000100000761449      10.8148000000000000      -0.0269785000000000     -18.5031999999999996       0.0000000000000000
 2456330.5000100000761449      10.8148000000000000      -0.3320430000000000     -17.5698000000000008       0.0000000000000000
 2456331.5000100000761449      10.9026999999999994      -0.0705591000000000      18.1292000000000009       0.0000000000000000
 2456332.5000100000761449      10.9026999999999994     -14.1211000000000002       5.6758800000000003       0.0000000000000000
 2456333.5000100000761449      11.0785000000000000       0.0352796000000000      10.4260000000000002       0.0000000000000000
 2456334.5000100000761449      11.1663999999999994      -0.1722470000000000       4.7539400000000001       0.0000000000000000
 2456335.5000100000761449      11.0785000000000000       0.2469570000000000      10.2674000000000003       0.0000000000000000
 2456336.5000100000761449      11.0785000000000000      -0.5706990000000000      10.8511000000000006       0.0000000000000000
 2456337.5000100000761449      11.1663999999999994       3.7742499999999999       1.7307699999999999       0.0000000000000000
 2456338.5000100000761449      11.1663999999999994      -0.3548710000000000       6.0677500000000002       0.0000000000000000
 2456339.5000100000761449      11.1663999999999994      -0.0996129000000000      -2.1022500000000002       0.0000000000000000
 2456340.5000100000761449      10.8148000000000000       0.3361940000000000     -17.3866000000000014       0.0000000000000000
 2456341.5000100000761449      10.9026999999999994      -0.0041505400000000     -16.3680999999999983       0.0000000000000000
 2456342.5000100000761449      10.9026999999999994      -0.4192040000000000     -15.4536999999999995       0.0000000000000000
 2456343.5000100000761449      10.9026999999999994       6.9669999999999996     -14.6357999999999997       0.0000000000000000
 2456344.5000100000761449      11.0785000000000000      -0.2054520000000000       7.9770899999999996       0.0000000000000000
 2456345.5000100000761449      10.7269000000000005      -0.1079140000000000     -19.8397000000000006       0.0000000000000000
 2456346.5000100000761449      10.9906000000000006      -3.8856199999999999     -11.4856999999999996       0.0000000000000000
 2456347.5000100000761449      11.0785000000000000       0.1577200000000000      10.1555000000000000       0.0000000000000000
 2456348.5000100000761449      11.0785000000000000      -0.4275050000000000       9.2930899999999994       0.0000000000000000
 2456349.5000100000761449      10.7269000000000005       0.0228280000000000     -18.7029999999999994       0.0000000000000000
 2456350.5000100000761449      11.0785000000000000      -0.8757630000000000       7.9282800000000000       0.0000000000000000
 2456351.5000100000761449      10.9026999999999994       0.8799140000000000      15.2395999999999994       0.0000000000000000
 2456352.5000100000761449      10.9026999999999994      -2.9821599999999999      14.4641999999999999       0.0000000000000000
 2456353.5000100000761449      10.9026999999999994       0.1037630000000000     -14.3811999999999998       0.0000000000000000
 2456354.5000100000761449      10.9026999999999994      -2.9593300000000000      14.4505999999999997       0.0000000000000000
 2456355.5000100000761449      10.9026999999999994       0.0456559000000000     -13.0020000000000007       0.0000000000000000
 2456356.5000100000761449      10.9906000000000006       0.3922260000000000      12.0817999999999994       0.0000000000000000
 2456357.5000100000761449      10.9026999999999994      -0.0249032000000000     -13.3028999999999993       0.0000000000000000
 2456358.5000100000761449      10.9906000000000006       0.8197310000000000      11.2864000000000004       0.0000000000000000
 2456359.5000100000761449      10.8148000000000000       5.1086900000000002     -13.9278999999999993       0.0000000000000000
 2456360.5000100000761449      10.9026999999999994      -0.0518817000000000      12.6045999999999996       0.0000000000000000
 2456361.5000100000761449      10.9026999999999994       5.7501199999999999      12.6489999999999991       0.0000000000000000
 2456362.5000100000761449      10.9906000000000006       3.9701900000000001      10.8043999999999993       0.0000000000000000
 2456363.5000100000761449      10.7269000000000005       0.0415054000000000     -17.5582999999999991       0.0000000000000000
 2456364.5000100000761449      10.9026999999999994       4.8550000000000004      11.3129000000000008       0.0000000000000000
 2456365.5000100000761449      10.8148000000000000       5.2118099999999998      16.4239999999999995       0.0000000000000000
 2456366.5000100000761449      10.9026999999999994      -0.0933871000000000      14.0609999999999999       0.0000000000000000
 2456367.5000100000761449      10.9906000000000006       0.0622581000000000       7.6146200000000004       0.0000000000000000
 2456368.5000100000761449      10.8148000000000000      -0.0394301000000000      14.5317000000000007       0.0000000000000000
 2456369.5000100000761449      10.6388999999999996      -7.2660600000000004      18.2794999999999987       0.0000000000000000
 2456370.5000100000761449      10.8148000000000000      -0.0103763000000000      14.9657000000000000       0.0000000000000000
 2456371.5000100000761449      10.7269000000000005       0.1597960000000000      18.5362000000000009       0.0000000000000000
 2456372.5000100000761449      11.0785000000000000       0.1286670000000000       3.3328799999999998       0.0000000000000000
 2456373.5000100000761449      10.9906000000000006      -0.0373548000000000      -7.5011900000000002       0.0000000000000000
 2456374.5000100000761449      10.8148000000000000       0.0186774000000000      15.8048000000000002       0.0000000000000000
 2456375.5000100000761449      10.9026999999999994       0.0145269000000000      -9.6937899999999999       0.0000000000000000
 2456376.5000100000761449      10.7269000000000005       0.0041505400000000      16.2059999999999995       0.0000000000000000
 2456377.5000100000761449      10.7269000000000005       0.1286670000000000      16.5147000000000013       0.0000000000000000
 2456378.5000100000761449      10.7269000000000005       0.0062258100000000      16.5725000000000016       0.0000000000000000
 2456379.5000100000761449      10.9906000000000006       0.0228280000000000      -8.1418499999999998       0.0000000000000000
 2456380.5000100000761449      10.7269000000000005       0.0083010800000000      16.9255999999999993       0.0000000000000000
 2456381.5000100000761449      10.8148000000000000       0.1079140000000000      13.9644999999999992       0.0000000000000000
 2456382.5000100000761449      10.6388999999999996       0.0103763000000000      17.2688999999999986       0.0000000000000000
 2456383.5000100000761449      10.6388999999999996      -6.8989399999999996     -15.3340999999999994       0.0000000000000000
 2456384.5000100000761449      10.6388999999999996       0.0124516000000000      17.5833000000000013       0.0000000000000000
 2456385.5000100000761449      10.9026999999999994       0.0041505400000000      -8.7500099999999996       0.0000000000000000
 2456386.5000100000761449      10.6388999999999996       0.0166022000000000      17.8670000000000009       0.0000000000000000
 2456387.5000100000761449      10.7269000000000005       0.1307420000000000      16.5745000000000005       0.0000000000000000
 2456388.5000100000761449      10.6388999999999996       0.0186774000000000      18.1254999999999988       0.0000000000000000
 2456389.5000100000761449      10.9026999999999994       0.0000000000000000      -7.5383100000000001       0.0000000000000000
 2456390.5000100000761449      10.5510000000000002       0.0186774000000000      18.3582999999999998       0.0000000000000000
 2456391.5000100000761449      10.9906000000000006       0.0041505400000000      -2.9157500000000001       0.0000000000000000
 2456392.5000100000761449      10.5510000000000002       0.0124516000000000      18.5672999999999995       0.0000000000000000
 2456393.5000100000761449      10.8148000000000000      -0.0269785000000000     -10.1656999999999993       0.0000000000000000
 2456394.5000100000761449      10.5510000000000002       0.0145269000000000      18.7597999999999985       0.0000000000000000
 2456395.5000100000761449      10.2873000000000001     -13.3301999999999996     -18.9944999999999986       0.0000000000000000
 2456396.5000100000761449      10.5510000000000002       0.0228280000000000      18.9394999999999989       0.0000000000000000
 2456397.5000100000761449      10.8148000000000000       0.0166022000000000     -10.5825999999999993       0.0000000000000000
 2456398.5000100000761449      10.5510000000000002       0.0684839000000000      19.0916999999999994       0.0000000000000000
 2456399.5000100000761449      10.9026999999999994      -0.0290538000000000      -7.0577500000000004       0.0000000000000000
 2456400.5000100000761449      10.5510000000000002       0.0705591000000000      19.2218000000000018       0.0000000000000000
 2456401.5000100000761449      10.4631000000000007       0.1577200000000000      19.3996999999999993       0.0000000000000000
 2456402.5000100000761449      10.4631000000000007       0.0726344000000000      19.3227000000000011       0.0000000000000000
 2456403.5000100000761449      10.4631000000000007      -0.1016880000000000     -18.8661999999999992       0.0000000000000000
 2456404.5000100000761449      10.4631000000000007       0.0705591000000000      19.4014999999999986       0.0000000000000000
 2456405.5000100000761449      10.6388999999999996       0.1224410000000000      16.4625999999999983       0.0000000000000000
 2456406.5000100000761449      10.4631000000000007       0.0726344000000000      19.4583000000000013       0.0000000000000000
 2456407.5000100000761449      10.9026999999999994       3.5570100000000000      -1.6892700000000000       0.0000000000000000
 2456408.5000100000761449      10.4631000000000007       0.0726344000000000      19.4912999999999990       0.0000000000000000
 2456409.5000100000761449      10.3751999999999995       9.7263300000000008     -17.8578000000000010       0.0000000000000000
 2456410.5000100000761449      10.4631000000000007       0.0726344000000000      19.5060000000000002       0.0000000000000000
 2456411.5000100000761449      10.8148000000000000       0.8633120000000000      10.9405999999999999       0.0000000000000000
 2456412.5000100000761449      10.4631000000000007       0.0747097000000000      19.4894999999999996       0.0000000000000000
 2456413.5000100000761449      10.4631000000000007      14.1458999999999993     -11.0504999999999995       0.0000000000000000
 2456414.5000100000761449      10.4631000000000007       0.0747097000000000      19.4564999999999984       0.0000000000000000
 2456415.5000100000761449      10.8148000000000000       0.0020752700000000       6.1007499999999997       0.0000000000000000
 2456416.5000100000761449      10.3751999999999995       0.0269785000000000      19.4033000000000015       0.0000000000000000
 2456417.5000100000761449      10.9026999999999994      -0.0456559000000000      -2.8036900000000000       0.0000000000000000
 2456418.5000100000761449      10.3751999999999995       0.0747097000000000      19.3116999999999983       0.0000000000000000
 2456419.5000100000761449      10.9026999999999994      -0.0103763000000000      -1.8490599999999999       0.0000000000000000
 2456420.5000100000761449      10.3751999999999995       0.0747097000000000      19.2053000000000011       0.0000000000000000
 2456421.5000100000761449      10.8148000000000000       0.0643333000000000      -7.9160700000000004       0.0000000000000000
 2456422.5000100000761449      10.3751999999999995       0.0747097000000000      19.0751999999999988       0.0000000000000000
 2456423.5000100000761449      10.3751999999999995       0.0913118000000000      19.0549999999999997       0.0000000000000000
 2456424.5000100000761449      10.3751999999999995       0.0726344000000000      18.9229999999999983       0.0000000000000000
 2456425.5000100000761449      10.4631000000000007       0.0767849000000000      17.4908000000000001       0.0000000000000000
 2456426.5000100000761449      10.3751999999999995       0.0726344000000000      18.7469999999999999       0.0000000000000000
 2456427.5000100000761449      10.8148000000000000       1.6477599999999999       0.5022150000000000       0.0000000000000000
 2456428.5000100000761449      10.3751999999999995       0.0788602000000000      18.5489999999999995       0.0000000000000000
 2456429.5000100000761449      10.8148000000000000       0.0228280000000000       3.3598599999999998       0.0000000000000000
 2456430.5000100000761449      10.3751999999999995       0.0705591000000000      18.3455000000000013       0.0000000000000000
 2456431.5000100000761449      10.8148000000000000       0.0352796000000000      -6.8185000000000002       0.0000000000000000
 2456432.5000100000761449      10.4631000000000007      -0.9857530000000000      17.0452000000000012       0.0000000000000000
 2456433.5000100000761449      10.6388999999999996       0.0539570000000000      12.2284000000000006       0.0000000000000000
 2456434.5000100000761449      10.7269000000000005      -4.7456899999999997       6.5462499999999997       0.0000000000000000
 2456435.5000100000761449      10.3751999999999995      -0.1660220000000000     -18.7708000000000013       0.0000000000000000
 2456436.5000100000761449      10.1992999999999991       9.2564799999999998      19.0274999999999999       0.0000000000000000
 2456437.5000100000761449      10.6388999999999996       0.0892366000000000      12.2843999999999998       0.0000000000000000
 2456438.5000100000761449      10.2873000000000001     -14.2750000000000004      12.1724999999999994       0.0000000000000000
 2456439.5000100000761449      10.7269000000000005       0.0788602000000000      10.4077000000000002       0.0000000000000000
 2456440.5000100000761449      10.1992999999999991      11.3453999999999997      17.9568000000000012       0.0000000000000000
 2456441.5000100000761449      10.4631000000000007       0.2697850000000000      17.0489999999999995       0.0000000000000000
 2456442.5000100000761449      10.2873000000000001      11.0403000000000002      17.1724999999999994       0.0000000000000000
 2456443.5000100000761449      10.6388999999999996       0.0788602000000000     -10.4971999999999994       0.0000000000000000
 2456444.5000100000761449       9.8476700000000008     -19.2160000000000011      17.2419000000000011       0.0000000000000000
 2456445.5000100000761449      10.8148000000000000       0.1369680000000000      -1.9175500000000001       0.0000000000000000
 2456446.5000100000761449       0.0000000000000000     -49.9620000000000033     -49.9609999999999985       1.0000000000000000
 2456447.5000100000761449      10.5510000000000002       0.0415054000000000      13.7466000000000008       0.0000000000000000
 2456448.5000100000761449       0.0000000000000000     -49.9620000000000033     -49.9609999999999985       1.0000000000000000
 2456449.5000100000761449      10.4631000000000007       0.0622581000000000      16.7982000000000014       0.0000000000000000
 2456450.5000100000761449       0.0000000000000000     -49.9620000000000033     -49.9609999999999985       1.0000000000000000
 2456451.5000100000761449      10.4631000000000007      -1.0293300000000001      15.1006999999999998       0.0000000000000000
 2456452.5000100000761449       0.0000000000000000     -49.9620000000000033     -49.9609999999999985       1.0000000000000000
 2456453.5000100000761449      10.7269000000000005       0.0332043000000000       3.8588100000000001       0.0000000000000000
 2456454.5000100000761449       0.0000000000000000     -49.9620000000000033     -49.9609999999999985       1.0000000000000000
 2456455.5000100000761449      10.6388999999999996       0.2677100000000000      10.9671000000000003       0.0000000000000000
 2456456.5000100000761449       0.0000000000000000     -49.9620000000000033     -49.9609999999999985       1.0000000000000000
 2456457.5000100000761449      10.6388999999999996      -0.1867740000000000     -11.2599999999999998       0.0000000000000000
 2456458.5000100000761449       0.0000000000000000     -49.9620000000000033     -49.9609999999999985       1.0000000000000000
 2456459.5000100000761449      10.6388999999999996       0.3195910000000000       9.7161600000000004       0.0000000000000000
 2456460.5000100000761449       0.0000000000000000     -49.9620000000000033     -49.9609999999999985       1.0000000000000000
 2456461.5000100000761449      10.7269000000000005      -0.1203660000000000       7.8550500000000003       0.0000000000000000
 2456462.5000100000761449       0.0000000000000000     -49.9620000000000033     -49.9609999999999985       1.0000000000000000
 2456463.5000100000761449      10.7269000000000005      -0.0083010800000000      -0.7408709999999999       0.0000000000000000
 2456464.5000100000761449       8.9684899999999992      -0.0290538000000000      11.8336000000000006       1.0000000000000000
 2456465.5000100000761449      10.7269000000000005       2.7601100000000001      -0.4731610000000000       0.0000000000000000
 2456466.5000100000761449      10.4631000000000007       1.1849799999999999      14.6685999999999996       0.0000000000000000
 2456467.5000100000761449      10.4631000000000007       0.4441080000000000      15.3630999999999993       0.0000000000000000
 2456468.5000100000761449      10.4631000000000007      -0.3009140000000000      16.0613999999999990       0.0000000000000000
 2456469.5000100000761449      10.3751999999999995      -1.0500900000000000      16.7462000000000018       0.0000000000000000
 2456470.5000100000761449      10.2873000000000001      15.9301999999999992      11.6097999999999999       0.0000000000000000
 2456471.5000100000761449      10.7269000000000005       0.2594090000000000       5.1458100000000000       0.0000000000000000
 2456472.5000100000761449      10.4631000000000007      -8.0246399999999998     -11.3129000000000008       0.0000000000000000
 2456473.5000100000761449      10.7269000000000005       0.0477312000000000       4.6900000000000004       0.0000000000000000
 2456474.5000100000761449      10.7269000000000005      -0.3009140000000000       5.5108800000000002       0.0000000000000000
 2456475.5000100000761449      10.7269000000000005       0.2677100000000000       3.2291200000000000       0.0000000000000000
 2456476.5000100000761449      10.4631000000000007       0.5457959999999999     -13.3434000000000008       0.0000000000000000
 2456477.5000100000761449      10.4631000000000007      -0.2137530000000000     -13.9818999999999996       0.0000000000000000
 2456478.5000100000761449      10.6388999999999996      -0.0124516000000000       7.7693099999999999       0.0000000000000000
 2456479.5000100000761449      10.4631000000000007       0.0228280000000000      15.5983999999999998       0.0000000000000000
 2456480.5000100000761449      10.7269000000000005      -3.3660899999999998      -5.0736299999999996       0.0000000000000000
 2456481.5000100000761449      10.3751999999999995       0.0830108000000000      16.3680999999999983       0.0000000000000000
 2456482.5000100000761449      10.7269000000000005      -0.7035160000000000       0.2905380000000000       0.0000000000000000
 2456483.5000100000761449      10.5510000000000002      -0.0684839000000000     -12.0471000000000004       0.0000000000000000
 2456484.5000100000761449      10.7269000000000005      -1.0874400000000000      -2.0254599999999998       0.0000000000000000
 2456485.5000100000761449      10.3751999999999995      -0.2199780000000000     -16.9448000000000008       0.0000000000000000
 2456486.5000100000761449      10.7269000000000005      -0.6931400000000000       6.4286899999999996       0.0000000000000000
 2456487.5000100000761449      10.6388999999999996       0.1888490000000000       8.8435799999999993       0.0000000000000000
 2456488.5000100000761449      10.7269000000000005       1.1932799999999999       1.0646100000000001       0.0000000000000000
 2456489.5000100000761449      10.7269000000000005      -0.1141400000000000      -5.6985599999999996       0.0000000000000000
 2456490.5000100000761449      10.7269000000000005      -0.7055910000000000      -2.5795599999999999       0.0000000000000000
 2456491.5000100000761449      10.3751999999999995       0.2386560000000000      16.7114000000000011       0.0000000000000000
 2456492.5000100000761449      10.7269000000000005       3.4740000000000002       4.1186900000000000       0.0000000000000000
 2456493.5000100000761449      10.6388999999999996      -9.1076099999999993       0.3673230000000000       0.0000000000000000
 2456494.5000100000761449      10.7269000000000005       4.6198699999999997       5.6614399999999998       0.0000000000000000
 2456495.5000100000761449      10.5510000000000002     -10.8302999999999994       3.4843799999999998       0.0000000000000000
 2456496.5000100000761449      10.6388999999999996       5.7769399999999997       7.2309999999999999       0.0000000000000000
 2456497.5000100000761449      10.2873000000000001       0.0332043000000000     -18.6607999999999983       0.0000000000000000
 2456498.5000100000761449      10.6388999999999996       6.9422499999999996       8.7642500000000005       0.0000000000000000
 2456499.5000100000761449      10.7269000000000005       6.2327500000000002       5.7831200000000003       0.0000000000000000
 2456500.5000100000761449      10.5510000000000002       8.1215100000000007      10.3446999999999996       0.0000000000000000
 2456501.5000100000761449      10.7269000000000005      -0.1577200000000000       8.6178000000000008       0.0000000000000000
 2456502.5000100000761449      10.4631000000000007       9.3154699999999995      11.9449000000000005       0.0000000000000000
 2456503.5000100000761449      10.4631000000000007      -0.1203660000000000     -15.7682000000000002       0.0000000000000000
 2456504.5000100000761449      10.4631000000000007      10.5276999999999994      13.5035000000000007       0.0000000000000000
 2456505.5000100000761449      10.4631000000000007       0.1431940000000000      16.3795999999999999       0.0000000000000000
 2456506.5000100000761449      10.7269000000000005      -0.6537100000000000      -6.0265000000000004       0.0000000000000000
 2456507.5000100000761449      10.6388999999999996       0.2677100000000000     -11.8580000000000005       0.0000000000000000
 2456508.5000100000761449      10.8148000000000000      -0.6599350000000000       3.0112100000000002       0.0000000000000000
 2456509.5000100000761449      10.5510000000000002       0.2635590000000000     -12.6644000000000005       0.0000000000000000
 2456510.5000100000761449      10.7269000000000005      -0.4773120000000000       5.3603100000000001       0.0000000000000000
 2456511.5000100000761449      10.6388999999999996      -0.0435806000000000      11.1278000000000006       0.0000000000000000
 2456512.5000100000761449      10.3751999999999995       0.5873010000000000     -17.4984999999999999       0.0000000000000000
 2456513.5000100000761449      10.5510000000000002       0.2718600000000000     -14.2500000000000000       0.0000000000000000
 2456514.5000100000761449      10.5510000000000002       0.2407310000000000     -13.9529999999999994       0.0000000000000000
 2456515.5000100000761449      10.5510000000000002      -0.1411180000000000     -14.8498999999999999       0.0000000000000000
 2456516.5000100000761449      10.8148000000000000      -0.1805480000000000      -1.5336200000000000       0.0000000000000000
 2456517.5000100000761449      10.5510000000000002      -3.5507900000000001     -12.1473999999999993       0.0000000000000000
 2456518.5000100000761449      10.3751999999999995       0.1660220000000000     -17.9274999999999984       0.0000000000000000
 2456519.5000100000761449      10.4631000000000007       0.3548710000000000      16.4144000000000005       0.0000000000000000
 2456520.5000100000761449      10.3751999999999995      -0.6142800000000000     -18.1108000000000011       0.0000000000000000
 2456521.5000100000761449      10.5510000000000002       0.3486450000000000      14.8788999999999998       0.0000000000000000
 2456522.5000100000761449      10.5510000000000002       0.6184300000000000     -14.0417000000000005       0.0000000000000000
 2456523.5000100000761449      10.4631000000000007       0.2386560000000000     -17.4270999999999994       0.0000000000000000
 2456524.5000100000761449      10.7269000000000005       0.5665480000000001      10.9039999999999999       0.0000000000000000
 2456525.5000100000761449      10.7269000000000005       0.1411180000000000       9.3927600000000009       0.0000000000000000
 2456526.5000100000761449      10.8148000000000000       0.3320430000000000       4.6528700000000001       0.0000000000000000
 2456527.5000100000761449      10.8148000000000000      -0.0767849000000000       3.7598099999999999       0.0000000000000000
 2456528.5000100000761449      10.3751999999999995       0.1369680000000000     -18.1859999999999999       0.0000000000000000
 2456529.5000100000761449      10.4631000000000007      -0.1743230000000000     -17.2515999999999998       0.0000000000000000
 2456530.5000100000761449      10.3751999999999995      -9.8376099999999997      16.9409999999999989       0.0000000000000000
 2456531.5000100000761449      10.4631000000000007      -0.0311290000000000     -17.4135999999999989       0.0000000000000000
 2456532.5000100000761449      10.4631000000000007      -0.6848390000000000     -16.7171999999999983       0.0000000000000000
 2456533.5000100000761449      10.8148000000000000      -0.0249032000000000      -1.9279200000000001       0.0000000000000000
 2456534.5000100000761449      10.3751999999999995      -0.0166022000000000     -19.2585000000000015       0.0000000000000000
 2456535.5000100000761449      10.7269000000000005       0.2801610000000000      12.1859999999999999       0.0000000000000000
 2456536.5000100000761449      10.6388999999999996     -12.0893999999999995       4.0320600000000004       0.0000000000000000
 2456537.5000100000761449      10.6388999999999996       0.2490320000000000     -12.8901000000000003       0.0000000000000000
 2456538.5000100000761449      10.3751999999999995      -0.0684839000000000     -19.5077999999999996       0.0000000000000000
 2456539.5000100000761449      10.3751999999999995      -0.2884620000000000     -18.7818000000000005       0.0000000000000000
 2456540.5000100000761449      10.3751999999999995      -0.1369680000000000     -18.9761999999999986       0.0000000000000000
 2456541.5000100000761449      10.8148000000000000       0.0207527000000000      -7.8875999999999999       0.0000000000000000
 2456542.5000100000761449      10.5510000000000002       0.5893760000000000      16.8329999999999984       0.0000000000000000
 2456543.5000100000761449      10.5510000000000002       0.0643333000000000      17.3712000000000018       0.0000000000000000
 2456544.5000100000761449      10.7269000000000005      -0.0228280000000000     -10.2754999999999992       0.0000000000000000
 2456545.5000100000761449      10.8148000000000000       0.2303550000000000       8.9330700000000007       0.0000000000000000
 2456546.5000100000761449      10.5510000000000002      -0.5042900000000000     -17.3267999999999986       0.0000000000000000
 2456547.5000100000761449      10.9026999999999994      -0.0871613000000000       0.5395700000000000       0.0000000000000000
 2456548.5000100000761449      10.9026999999999994       0.5603230000000000       4.0691899999999999       0.0000000000000000
 2456549.5000100000761449      10.4631000000000007      -0.2013010000000000     -18.7671999999999990       0.0000000000000000
 2456550.5000100000761449      10.9026999999999994      -0.0747097000000000       0.7346450000000000       0.0000000000000000
 2456551.5000100000761449      10.9026999999999994       0.0643333000000000       1.7162500000000001       0.0000000000000000
 2456552.5000100000761449      10.7269000000000005       0.3860000000000000      14.0571000000000002       0.0000000000000000
 2456553.5000100000761449      10.8148000000000000      -0.1058390000000000      11.8638999999999992       0.0000000000000000
 2456554.5000100000761449      10.9026999999999994      -0.5001400000000000       5.3644400000000001       0.0000000000000000
 2456555.5000100000761449      10.9026999999999994       0.0954624000000000       5.5624399999999996       0.0000000000000000
 2456556.5000100000761449      10.9026999999999994       0.1971510000000000       5.3252499999999996       0.0000000000000000
 2456557.5000100000761449      10.9026999999999994      -0.0269785000000000       2.9551799999999999       0.0000000000000000
 2456558.5000100000761449      10.6388999999999996       0.3133660000000000     -15.5907000000000000       0.0000000000000000
 2456559.5000100000761449      10.9026999999999994      -0.1867740000000000      -3.2415699999999998       0.0000000000000000
 2456560.5000100000761449      10.6388999999999996       0.3507200000000000     -16.0074000000000005       0.0000000000000000
 2456561.5000100000761449      10.8148000000000000      -0.2946880000000000     -12.1204000000000001       0.0000000000000000
 2456562.5000100000761449      10.7269000000000005      -0.2158280000000000      15.2126000000000001       0.0000000000000000
 2456563.5000100000761449      10.6388999999999996       0.0830108000000000     -16.5397999999999996       0.0000000000000000
 2456564.5000100000761449      10.7269000000000005       0.3652470000000000      15.2723999999999993       0.0000000000000000
 2456565.5000100000761449      10.7269000000000005      -0.1162150000000000      16.1597000000000008       0.0000000000000000
 2456566.5000100000761449      10.6388999999999996       0.3776990000000000      17.0277999999999992       0.0000000000000000
 2456567.5000100000761449      10.7269000000000005      -0.3776990000000000     -15.1682000000000006       0.0000000000000000
 2456568.5000100000761449      10.7269000000000005      -8.3856300000000008     -12.8129000000000008       0.0000000000000000
 2456569.5000100000761449      10.6388999999999996      -0.2739350000000000     -16.9853999999999985       0.0000000000000000
 2456570.5000100000761449      10.6388999999999996       0.2282800000000000      17.9403000000000006       0.0000000000000000
 2456571.5000100000761449      10.9026999999999994       1.7266200000000000       8.8232400000000002       0.0000000000000000
 2456572.5000100000761449      10.7269000000000005       0.4150540000000000     -14.0456000000000003       0.0000000000000000
 2456573.5000100000761449      10.8148000000000000       1.8635900000000001      11.9718999999999998       0.0000000000000000
 2456574.5000100000761449      10.5510000000000002      -0.5852260000000000     -18.6021999999999998       0.0000000000000000
 2456575.5000100000761449      10.9906000000000006       0.9587740000000000       1.3178000000000001       0.0000000000000000
 2456576.5000100000761449      10.9026999999999994      -1.5128699999999999      -9.2259700000000002       0.0000000000000000
 2456577.5000100000761449      10.8148000000000000       0.2407310000000000     -11.7603000000000009       0.0000000000000000
 2456578.5000100000761449      10.6388999999999996      -0.5561720000000000     -18.6039999999999992       0.0000000000000000
 2456579.5000100000761449      10.9026999999999994       0.1909250000000000      10.8084000000000007       0.0000000000000000
 2456580.5000100000761449      10.8148000000000000       0.4337310000000000      13.3338000000000001       0.0000000000000000
 2456581.5000100000761449      10.9906000000000006      -5.8367500000000003      -0.9421720000000000       0.0000000000000000
 2456582.5000100000761449      10.9906000000000006      -0.1909250000000000       8.2760899999999999       0.0000000000000000
 2456583.5000100000761449      10.9906000000000006       0.2448820000000000       9.1974900000000002       0.0000000000000000
 2456584.5000100000761449      10.9906000000000006      -0.1556450000000000      10.0884000000000000       0.0000000000000000
 2456585.5000100000761449      10.9906000000000006      -2.4010899999999999       8.3432099999999991       0.0000000000000000
 2456586.5000100000761449      11.0785000000000000      -0.5208930000000001       2.3886300000000000       0.0000000000000000
 2456587.5000100000761449      10.6388999999999996      16.8850000000000016      10.1697000000000006       0.0000000000000000
 2456588.5000100000761449      10.9026999999999994      -0.1390430000000000      13.6829000000000001       0.0000000000000000
 2456589.5000100000761449      10.9906000000000006       5.6985599999999996      -5.7521899999999997       0.0000000000000000
 2456590.5000100000761449      10.8148000000000000      -0.1784730000000000     -15.0949000000000009       0.0000000000000000
 2456591.5000100000761449      10.7269000000000005       2.5214500000000002     -16.9910999999999994       0.0000000000000000
 2456592.5000100000761449      11.0785000000000000       0.5644730000000000      -2.4820199999999999       0.0000000000000000
 2456593.5000100000761449      10.5510000000000002      -9.8977699999999995     -18.3216999999999999       0.0000000000000000
 2456594.5000100000761449      10.9906000000000006       0.5208930000000001      10.1128000000000000       0.0000000000000000
 2456595.5000100000761449      11.0785000000000000       0.0560323000000000      -0.6578600000000000       0.0000000000000000
 2456596.5000100000761449      10.9906000000000006       0.5125910000000000       9.1385100000000001       0.0000000000000000
 2456597.5000100000761449      10.8148000000000000       0.0933871000000000      15.0776000000000003       0.0000000000000000
 2456598.5000100000761449      10.9026999999999994       0.3507200000000000      14.0686999999999998       0.0000000000000000
 2456599.5000100000761449      11.0785000000000000      -0.4876880000000000      -2.2620399999999998       0.0000000000000000
 2456600.5000100000761449      11.0785000000000000      -0.3714730000000000       2.6106900000000000       0.0000000000000000
 2456601.5000100000761449      10.8148000000000000       0.1597960000000000      15.6427999999999994       0.0000000000000000
 2456602.5000100000761449      10.8148000000000000      -0.4067530000000000      17.1589999999999989       0.0000000000000000
 2456603.5000100000761449      11.0785000000000000      -0.4876880000000000      -0.3237420000000000       0.0000000000000000
 2456604.5000100000761449      10.8148000000000000       0.8819890000000000      17.1705000000000005       0.0000000000000000
 2456605.5000100000761449      10.9906000000000006      -0.5229680000000000      -9.8117599999999996       0.0000000000000000
 2456606.5000100000761449      10.7269000000000005       0.2054520000000000      18.5655000000000001       0.0000000000000000
 2456607.5000100000761449      10.8148000000000000       0.0373548000000000      17.5911000000000008       0.0000000000000000
 2456608.5000100000761449      10.9026999999999994      -0.3860000000000000      15.6890999999999998       0.0000000000000000
 2456609.5000100000761449      10.9906000000000006      -0.3860000000000000     -12.2226999999999997       0.0000000000000000
 2456610.5000100000761449      10.8148000000000000      -0.0477312000000000      17.9660000000000011       0.0000000000000000
 2456611.5000100000761449      11.0785000000000000      -0.5333440000000000      -6.6926899999999998       0.0000000000000000
 2456612.5000100000761449      10.9026999999999994      -0.0518817000000000      16.1133999999999986       0.0000000000000000
 2456613.5000100000761449      10.9026999999999994       0.0373548000000000     -12.8862000000000005       0.0000000000000000
 2456614.5000100000761449      10.8148000000000000       0.1203660000000000     -17.0683000000000007       0.0000000000000000
 2456615.5000100000761449      10.9026999999999994       0.1597960000000000      15.4151000000000007       0.0000000000000000
 2456616.5000100000761449      10.9906000000000006      -1.6456900000000001      12.6257999999999999       0.0000000000000000
 2456617.5000100000761449      11.1663999999999994       0.3195910000000000      -1.9632000000000001       0.0000000000000000
 2456618.5000100000761449      11.0785000000000000       0.2677100000000000      -4.9993699999999999       0.0000000000000000
 2456619.5000100000761449      11.1663999999999994      -0.3465700000000000      -4.1991199999999997       0.0000000000000000
 2456620.5000100000761449      10.9906000000000006      -0.4399570000000000     -10.7066999999999997       0.0000000000000000
 2456621.5000100000761449      11.0785000000000000       0.2220540000000000      -9.5473400000000002       0.0000000000000000
 2456622.5000100000761449      10.9906000000000006       0.2490320000000000      13.2121999999999993       0.0000000000000000
 2456623.5000100000761449      11.1663999999999994      -0.4586340000000000      -1.1414000000000000       0.0000000000000000
 2456624.5000100000761449      11.1663999999999994       0.1639460000000000       5.6635000000000000       0.0000000000000000
 2456625.5000100000761449      11.0785000000000000      -0.1203660000000000       6.6328699999999996       0.0000000000000000
 2456626.5000100000761449      11.1663999999999994       0.5540970000000000       0.4731610000000000       0.0000000000000000
 2456627.5000100000761449      10.8148000000000000      -0.4233550000000000      17.8284999999999982       0.0000000000000000
 2456628.5000100000761449      11.1663999999999994       0.1203660000000000       3.6213400000000000       0.0000000000000000
 2456629.5000100000761449      11.0785000000000000       5.2716300000000000      -4.3579400000000001       0.0000000000000000
 2456630.5000100000761449      11.0785000000000000      -0.0996129000000000      11.0037000000000003       0.0000000000000000
 2456631.5000100000761449      11.1663999999999994       0.5271180000000000      -2.5048499999999998       0.0000000000000000
 2456632.5000100000761449      11.0785000000000000      -0.1037630000000000       9.2422400000000007       0.0000000000000000
 2456633.5000100000761449      11.1663999999999994       0.5312690000000000      -2.1043200000000000       0.0000000000000000
 2456634.5000100000761449      11.1663999999999994      -0.1079140000000000       7.4950000000000001       0.0000000000000000
 2456635.5000100000761449      10.9906000000000006       0.0850860000000000      13.7832000000000008       0.0000000000000000
 2456636.5000100000761449      11.1663999999999994       1.9922599999999999       1.9362299999999999       0.0000000000000000
 2456637.5000100000761449      10.9026999999999994       0.0000000000000000     -16.3680999999999983       0.0000000000000000
 2456638.5000100000761449      11.1663999999999994       1.0563100000000001       3.7350599999999998       0.0000000000000000
 2456639.5000100000761449      10.9026999999999994      -0.2531830000000000      16.7056000000000004       0.0000000000000000
 2456640.5000100000761449      11.1663999999999994       0.0103763000000000      -0.2801610000000000       0.0000000000000000
 2456641.5000100000761449      11.1663999999999994      -0.5540970000000000       1.7743500000000001       0.0000000000000000
 2456642.5000100000761449      10.9026999999999994      -0.1846990000000000      17.8247999999999998       0.0000000000000000
 2456643.5000100000761449      11.0785000000000000      -0.1286670000000000     -11.1705000000000005       0.0000000000000000
 2456644.5000100000761449      11.1663999999999994       0.0041505400000000      -2.9136799999999998       0.0000000000000000
 2456645.5000100000761449      11.0785000000000000       0.0913118000000000       8.7052700000000005       0.0000000000000000
 2456646.5000100000761449      10.5510000000000002     -13.6204999999999998      18.6314999999999991       0.0000000000000000
 2456647.5000100000761449      11.1663999999999994      -0.4192040000000000      -2.3699599999999998       0.0000000000000000
 2456648.5000100000761449      11.1663999999999994       0.2262040000000000      -1.5958800000000000       0.0000000000000000
 2456649.5000100000761449      11.1663999999999994       0.0809355000000000      -1.1912000000000000       0.0000000000000000
 2456650.5000100000761449      10.9906000000000006      -4.7539400000000001      14.5161999999999995       0.0000000000000000
 2456651.5000100000761449      10.8148000000000000      -0.2365810000000000      18.8643000000000001       0.0000000000000000
 2456652.5000100000761449      10.8148000000000000       0.1473440000000000     -17.8284999999999982       0.0000000000000000
 2456653.5000100000761449      10.9026999999999994      -0.5540970000000000     -17.0664000000000016       0.0000000000000000
 2456654.5000100000761449      11.1663999999999994      -0.0249032000000000      -3.9990600000000001       0.0000000000000000
 2456655.5000100000761449      10.9026999999999994      -5.2489400000000002      15.9224999999999994       0.0000000000000000
 2456656.5000100000761449      11.1663999999999994      -0.0269785000000000      -5.7356900000000000       0.0000000000000000
 2456657.5000100000761449      11.1663999999999994       0.0207527000000000      -6.0265000000000004       0.0000000000000000
