Time P3114 A5334 A5335 A5016
 2455927.5000000000000000      11.1663999999999990      -0.2531830000000000      12.4309999999999990       0.0000000000000000
 2455928.5000000000000000      11.2544000000000000      -0.0726344000000000      -7.7755000000000001       0.0000000000000000
 2455929.5000000000000000      11.0785000000000000      -0.4441080000000000      17.0721999999999990       0.0000000000000000
 2455930.5000000000000000      11.0785000000000000       0.0601828000000000     -14.8770000000000010       0.0000000000000000
 2455931.5000000000000000      11.1663999999999990      -0.2137530000000000     -11.7074000000000000       0.0000000000000000
 2455932.5000000000000000      11.0785000000000000       0.0062258100000000     -14.1419999999999990       0.0000000000000000
 2455933.5000000000000000      11.1663999999999990      -7.7383800000000003      11.1724999999999990       0.0000000000000000
 2455934.5000000000000000      11.2544000000000000       0.0767849000000000     -10.5581999999999990       0.0000000000000000
 2455935.5000000000000000      11.2544000000000000      -0.1909250000000000      -7.4269400000000001       0.0000000000000000
 2455936.5000000000000000      11.1663999999999990      -0.1909250000000000     -12.8284000000000000       0.0000000000000000
 2455937.5000000000000000      11.1663999999999990       0.1535700000000000     -11.9063000000000000       0.0000000000000000
 2455938.5000000000000000      11.2544000000000000       0.0705591000000000      -6.3193799999999998       0.0000000000000000
 2455939.5000000000000000      11.3423000000000000      -0.2013010000000000      -3.1896900000000001       0.0000000000000000
 2455940.5000000000000000      11.2544000000000000       0.4773120000000000       7.4124999999999996       0.0000000000000000
 2455941.5000000000000000      11.1663999999999990      -0.2179030000000000     -11.0117999999999990       0.0000000000000000
 2455942.5000000000000000      11.2544000000000000       0.0041505400000000       6.0058800000000003       0.0000000000000000
 2455943.5000000000000000      10.9906000000000010      -0.5935270000000000     -16.7905000000000020       0.0000000000000000
 2455944.5000000000000000      11.3423000000000000       0.0975376000000000      -0.9878280000000000       0.0000000000000000
 2455945.5000000000000000      11.3423000000000000      -0.1909250000000000       2.1416800000000000       0.0000000000000000
 2455946.5000000000000000      11.0785000000000000       0.0539570000000000     -14.5394000000000010       0.0000000000000000
 2455947.5000000000000000      11.3423000000000000       0.3444950000000000       2.5421999999999998       0.0000000000000000
 2455948.5000000000000000      11.3423000000000000       0.1203660000000000       4.3826900000000002       0.0000000000000000
 2455949.5000000000000000      11.2544000000000000      -0.1722470000000000       6.9175000000000004       0.0000000000000000
 2455950.5000000000000000      10.9906000000000010      -0.1784730000000000      16.3179000000000020       0.0000000000000000
 2455951.5000000000000000      11.1663999999999990       0.6246560000000000      12.5892000000000000       0.0000000000000000
 2455952.5000000000000000      10.8148000000000000      11.5996000000000010      17.6200000000000010       0.0000000000000000
 2455953.5000000000000000      11.0785000000000000      -0.2386560000000000     -13.6868000000000000       0.0000000000000000
 2455954.5000000000000000      10.9906000000000010      -0.1245160000000000      17.6873000000000000       0.0000000000000000
 2455955.5000000000000000      10.9026999999999990       0.1722470000000000     -18.0943000000000000       0.0000000000000000
 2455956.5000000000000000      11.0785000000000000      -0.1328170000000000      13.2121999999999990       0.0000000000000000
 2455957.5000000000000000      11.2544000000000000      -0.0913118000000000       1.8718900000000001       0.0000000000000000
 2455958.5000000000000000      11.0785000000000000      -0.1162150000000000      15.1760000000000000       0.0000000000000000
 2455959.5000000000000000      11.2544000000000000      -0.5914520000000000       6.0904400000000001       0.0000000000000000
 2455960.5000000000000000      10.9906000000000010      -0.2573330000000000     -16.4009000000000000       0.0000000000000000
 2455961.5000000000000000      10.9026999999999990      -0.2262040000000000     -17.8981999999999990       0.0000000000000000
 2455962.5000000000000000      11.1663999999999990       0.3112900000000000       9.8036300000000001       0.0000000000000000
 2455963.5000000000000000      11.1663999999999990       0.0767849000000000     -11.0056999999999990       0.0000000000000000
 2455964.5000000000000000      11.1663999999999990      -1.7515300000000000       8.8069699999999997       0.0000000000000000
 2455965.5000000000000000      11.2544000000000000       0.2656340000000000       6.7566300000000004       0.0000000000000000
 2455966.5000000000000000      10.9026999999999990       0.4461830000000000      18.5435000000000020       0.0000000000000000
 2455967.5000000000000000      11.2544000000000000       0.1950750000000000       2.8410400000000000       0.0000000000000000
 2455968.5000000000000000      11.1663999999999990       0.2054520000000000      11.4756000000000000       0.0000000000000000
 2455969.5000000000000000      11.0785000000000000      -0.3216670000000000      12.3074999999999990       0.0000000000000000
 2455970.5000000000000000      11.1663999999999990      -0.2033760000000000      10.5420000000000000       0.0000000000000000
 2455971.5000000000000000      11.1663999999999990       0.5395700000000000      11.2925000000000000       0.0000000000000000
 2455972.5000000000000000      10.8148000000000000      -0.1597960000000000     -19.4162000000000000       0.0000000000000000
 2455973.5000000000000000      10.8148000000000000       0.0083010800000000     -18.4609999999999990       0.0000000000000000
 2455974.5000000000000000      10.9026999999999990       0.2407310000000000      18.4757000000000000       0.0000000000000000
 2455975.5000000000000000      11.1663999999999990      -0.0103763000000000      -8.7886600000000001       0.0000000000000000
 2455976.5000000000000000      10.9026999999999990       0.0415054000000000      18.7360000000000010       0.0000000000000000
 2455977.5000000000000000      11.0785000000000000       2.7269000000000001      -9.8910900000000002       0.0000000000000000
 2455978.5000000000000000      10.9906000000000010      -0.1826240000000000      16.0459000000000000       0.0000000000000000
 2455979.5000000000000000      11.1663999999999990       2.8887700000000001      -8.2333800000000004       0.0000000000000000
 2455980.5000000000000000      10.9906000000000010      -0.1224410000000000     -14.6860000000000000       0.0000000000000000
 2455981.5000000000000000      10.7269000000000010       9.5819200000000002     -18.8093000000000000       0.0000000000000000
 2455982.5000000000000000      11.1663999999999990      -0.1660220000000000      -3.8794400000000002       0.0000000000000000
 2455983.5000000000000000      11.0785000000000000      -8.2953799999999998      -6.1585000000000001       0.0000000000000000
 2455984.5000000000000000      10.9026999999999990       0.0477312000000000     -15.5386000000000010       0.0000000000000000
 2455985.5000000000000000      10.9026999999999990      -0.0456559000000000     -15.6968000000000000       0.0000000000000000
 2455986.5000000000000000      10.9906000000000010       0.1722470000000000      15.2800999999999990       0.0000000000000000
 2455987.5000000000000000      11.1663999999999990       0.1369680000000000       0.7346450000000000       0.0000000000000000
 2455988.5000000000000000      11.0785000000000000       0.1452690000000000      11.1623000000000000       0.0000000000000000
 2455989.5000000000000000      10.8148000000000000      -0.6889890000000000      18.7085000000000010       0.0000000000000000
 2455990.5000000000000000      11.1663999999999990       0.1141400000000000      -0.6225810000000001       0.0000000000000000
 2455991.5000000000000000      11.1663999999999990       0.3050650000000000      -0.1743230000000000       0.0000000000000000
 2455992.5000000000000000      10.8148000000000000      -0.1930000000000000     -16.6594000000000020       0.0000000000000000
 2455993.5000000000000000      10.9906000000000010      -0.1265910000000000      12.1473999999999990       0.0000000000000000
 2455994.5000000000000000      10.9906000000000010       0.8446340000000000      12.4329000000000000       0.0000000000000000
 2455995.5000000000000000      10.9906000000000010       1.8158600000000000      12.6625000000000000       0.0000000000000000
 2455996.5000000000000000      10.9906000000000010       2.7933100000000000      12.9518000000000000       0.0000000000000000
 2455997.5000000000000000      10.9906000000000010       3.7701199999999999      13.1929000000000000       0.0000000000000000
 2455998.5000000000000000      10.9906000000000010       0.0975376000000000      11.2395999999999990       0.0000000000000000
 2455999.5000000000000000      10.8148000000000000      -1.1974300000000000      17.1937000000000000       0.0000000000000000
 2456000.5000000000000000      10.7269000000000010       0.2054520000000000      18.5563000000000000       0.0000000000000000
 2456001.5000000000000000      10.9026999999999990      -0.0850860000000000      14.1304000000000000       0.0000000000000000
 2456002.5000000000000000      10.9906000000000010       0.1286670000000000       9.9398999999999997       0.0000000000000000
 2456003.5000000000000000      10.9906000000000010      -5.6635000000000000       7.7363099999999996       0.0000000000000000
 2456004.5000000000000000      10.9026999999999990       0.0726344000000000      14.0282000000000000       0.0000000000000000
 2456005.5000000000000000      10.8148000000000000      -0.2345050000000000      15.3283000000000000       0.0000000000000000
 2456006.5000000000000000      10.8148000000000000       0.0311290000000000     -14.9985000000000000       0.0000000000000000
 2456007.5000000000000000      10.9026999999999990       2.5567299999999999      14.3812000000000000       0.0000000000000000
 2456008.5000000000000000      10.7269000000000010       0.1784730000000000      18.1182000000000020       0.0000000000000000
 2456009.5000000000000000      10.8148000000000000      -0.6952150000000000      16.1983000000000000       0.0000000000000000
 2456010.5000000000000000      11.0785000000000000       0.1743230000000000       2.0150899999999998       0.0000000000000000
 2456011.5000000000000000      10.8148000000000000      -0.1162150000000000      16.2503999999999990       0.0000000000000000
 2456012.5000000000000000      10.7269000000000010       0.0145269000000000      17.7882000000000000       0.0000000000000000
 2456013.5000000000000000      10.7269000000000010      -0.0311290000000000      16.6207999999999990       0.0000000000000000
 2456014.5000000000000000      10.8148000000000000       0.1452690000000000      15.7257000000000000       0.0000000000000000
 2456015.5000000000000000      10.7269000000000010       0.0124516000000000      16.9082000000000010       0.0000000000000000
 2456016.5000000000000000      10.8148000000000000      -0.0269785000000000     -13.2797000000000000       0.0000000000000000
 2456017.5000000000000000      10.7269000000000010      -0.0871613000000000      17.3094000000000000       0.0000000000000000
 2456018.5000000000000000      10.6389000000000000      -0.7823760000000000     -18.1877999999999990       0.0000000000000000
 2456019.5000000000000000      10.7269000000000010      -0.0020752700000000      17.6258000000000020       0.0000000000000000
 2456020.5000000000000000      10.6389000000000000      -0.0539570000000000     -17.9477000000000010       0.0000000000000000
 2456021.5000000000000000      10.6389000000000000       0.0062258100000000      17.9055000000000000       0.0000000000000000
 2456022.5000000000000000      10.9026999999999990      -0.0083010800000000     -11.0627000000000000       0.0000000000000000
 2456023.5000000000000000      10.6389000000000000       0.0145269000000000      18.1567000000000010       0.0000000000000000
 2456024.5000000000000000      10.6389000000000000       0.0601828000000000      18.8057000000000020       0.0000000000000000
 2456025.5000000000000000      10.6389000000000000       0.0166022000000000      18.3858000000000000       0.0000000000000000
 2456026.5000000000000000      10.6389000000000000      -0.0020752700000000     -17.7038000000000010       0.0000000000000000
 2456027.5000000000000000      10.6389000000000000       0.0186774000000000      18.5966999999999980       0.0000000000000000
 2456028.5000000000000000      10.7269000000000010       0.1328170000000000      16.6979000000000010       0.0000000000000000
 2456029.5000000000000000      10.5510000000000000       0.0207527000000000      18.7872999999999980       0.0000000000000000
 2456030.5000000000000000      10.8148000000000000      -3.8732500000000001     -12.4849999999999990       0.0000000000000000
 2456031.5000000000000000      10.5510000000000000       0.0228280000000000      18.9633000000000000       0.0000000000000000
 2456032.5000000000000000      10.9026999999999990       9.4029299999999996      -3.8175599999999998       0.0000000000000000
 2456033.5000000000000000      10.5510000000000000       0.0228280000000000      19.1137000000000010       0.0000000000000000
 2456034.5000000000000000      10.6389000000000000      -0.0830108000000000     -15.9667999999999990       0.0000000000000000
 2456035.5000000000000000      10.5510000000000000       0.0228280000000000      19.2382999999999990       0.0000000000000000
 2456036.5000000000000000      10.5510000000000000      -2.0213100000000002      18.2227000000000000       0.0000000000000000
 2456037.5000000000000000      10.5510000000000000       0.0249032000000000      19.3372999999999990       0.0000000000000000
 2456038.5000000000000000      10.6389000000000000      -0.0394301000000000     -16.8735000000000000       0.0000000000000000
 2456039.5000000000000000      10.5510000000000000       0.0249032000000000      19.4143000000000010       0.0000000000000000
 2456040.5000000000000000      10.6389000000000000       2.6003099999999999      16.2465000000000010       0.0000000000000000
 2456041.5000000000000000      10.4631000000000010       0.0269785000000000      19.4656999999999980       0.0000000000000000
 2456042.5000000000000000      10.9026999999999990      -0.0207527000000000      -7.4413700000000000       0.0000000000000000
 2456043.5000000000000000      10.4631000000000010       0.0269785000000000      19.4950000000000010       0.0000000000000000
 2456044.5000000000000000      10.8148000000000000       1.5045700000000000       9.8097300000000001       0.0000000000000000
 2456045.5000000000000000      10.4631000000000010       0.0290538000000000      19.5042000000000010       0.0000000000000000
 2456046.5000000000000000      10.9906000000000010       0.0062258100000000       1.3427000000000000       0.0000000000000000
 2456047.5000000000000000      10.4631000000000010       0.0290538000000000      19.4877000000000000       0.0000000000000000
 2456048.5000000000000000      10.9026999999999990       0.0954624000000000       6.2533799999999999       0.0000000000000000
 2456049.5000000000000000      10.4631000000000010       0.0311290000000000      19.4454999999999990       0.0000000000000000
 2456050.5000000000000000      10.9026999999999990      -0.0228280000000000      -1.4817400000000001       0.0000000000000000
 2456051.5000000000000000      10.4631000000000010       0.0290538000000000      19.3850000000000020       0.0000000000000000
 2456052.5000000000000000      10.9026999999999990       0.1016880000000000       3.8918100000000000       0.0000000000000000
 2456053.5000000000000000      10.4631000000000010       0.0290538000000000      19.2988000000000000       0.0000000000000000
 2456054.5000000000000000      10.9026999999999990       0.0456559000000000      -6.6638099999999998       0.0000000000000000
 2456055.5000000000000000      10.4631000000000010       0.0290538000000000      19.1907000000000000       0.0000000000000000
 2456056.5000000000000000      10.7269000000000010      11.8376000000000000       4.3826900000000002       0.0000000000000000
 2456057.5000000000000000      10.4631000000000010       0.0311290000000000      19.0550000000000000       0.0000000000000000
 2456058.5000000000000000      10.4631000000000010       0.1348920000000000      18.2447000000000020       0.0000000000000000
 2456059.5000000000000000      10.4631000000000010       0.0705591000000000      18.9010000000000000       0.0000000000000000
 2456060.5000000000000000      10.9026999999999990      -0.0560323000000000       0.1452690000000000       0.0000000000000000
 2456061.5000000000000000      10.4631000000000010       0.0705591000000000      18.7231999999999990       0.0000000000000000
 2456062.5000000000000000      10.9026999999999990       2.0130100000000000      -4.0753800000000000       0.0000000000000000
 2456063.5000000000000000      10.4631000000000010       0.0705591000000000      18.5288000000000000       0.0000000000000000
 2456064.5000000000000000      10.9026999999999990      -0.0352796000000000      -0.4129790000000000       0.0000000000000000
 2456065.5000000000000000      10.4631000000000010       0.0788602000000000      18.3252999999999990       0.0000000000000000
 2456066.5000000000000000      10.9026999999999990      -0.0290538000000000       2.9033000000000002       0.0000000000000000
 2456067.5000000000000000      10.4631000000000010       0.0684839000000000      18.0870000000000000       0.0000000000000000
 2456068.5000000000000000      10.9026999999999990      -0.0601828000000000      -3.3225099999999999       0.0000000000000000
 2456069.5000000000000000      10.4631000000000010       0.0664086000000000      17.8303000000000010       0.0000000000000000
 2456070.5000000000000000      10.5510000000000000      -0.0767849000000000     -15.1605000000000010       0.0000000000000000
 2456071.5000000000000000      10.4631000000000010       0.0664086000000000      17.5505999999999990       0.0000000000000000
 2456072.5000000000000000      10.4631000000000010       0.1597960000000000      17.6296000000000000       0.0000000000000000
 2456073.5000000000000000      10.5510000000000000      -2.2475200000000002      14.6011000000000010       0.0000000000000000
 2456074.5000000000000000      10.6389000000000000       0.1452690000000000      13.1254000000000010       0.0000000000000000
 2456075.5000000000000000      10.6389000000000000       1.6083300000000000      12.1301000000000010       0.0000000000000000
 2456076.5000000000000000      10.8148000000000000       0.0767849000000000       2.2578900000000002       0.0000000000000000
 2456077.5000000000000000      10.6389000000000000     -10.1043000000000000      -1.2181800000000000       0.0000000000000000
 2456078.5000000000000000      10.8148000000000000      -6.3028800000000000      -0.8736880000000000       0.0000000000000000
 2456079.5000000000000000      10.7269000000000010      -5.1684999999999999      -4.7910599999999999       0.0000000000000000
 2456080.5000000000000000      10.5510000000000000       0.0124516000000000      14.4603000000000000       0.0000000000000000
 2456081.5000000000000000      10.6389000000000000      -3.4760800000000001      -9.7364999999999995       0.0000000000000000
 2456082.5000000000000000      10.8148000000000000      -0.1411180000000000      -1.1185700000000001       0.0000000000000000
 2456083.5000000000000000      10.8148000000000000      -0.0373548000000000       4.8116899999999996       0.0000000000000000
 2456084.5000000000000000      10.3752000000000000      -0.3507200000000000      18.1346999999999990       0.0000000000000000
 2456085.5000000000000000      10.3752000000000000       0.0560323000000000      18.4922000000000000       0.0000000000000000
 2456086.5000000000000000      10.6389000000000000       2.7642600000000002     -12.2477000000000000       0.0000000000000000
 2456087.5000000000000000      10.8148000000000000      -1.2347800000000000       5.4304399999999999       0.0000000000000000
 2456088.5000000000000000      10.8148000000000000      -0.0166022000000000       0.9442470000000000       0.0000000000000000
 2456089.5000000000000000      10.5510000000000000       0.0498065000000000      14.1652000000000000       0.0000000000000000
 2456090.5000000000000000      10.7269000000000010       0.0373548000000000      10.6274000000000000       0.0000000000000000
 2456091.5000000000000000      10.5510000000000000       0.0539570000000000      13.7118000000000000       0.0000000000000000
 2456092.5000000000000000      10.3752000000000000       0.0933871000000000     -16.9526000000000000       0.0000000000000000
 2456093.5000000000000000      10.5510000000000000       0.0518817000000000      13.2470000000000000       0.0000000000000000
 2456094.5000000000000000      10.2873000000000000      -0.0269785000000000      19.3153000000000010       0.0000000000000000
 2456095.5000000000000000      10.6389000000000000       0.0498065000000000      12.7646999999999990       1.0000000000000000
 2456096.5000000000000000      10.7269000000000010       0.0560323000000000       9.6653099999999998       0.0000000000000000
 2456097.5000000000000000       1.6712700000000000       0.0601828000000000      12.4291000000000000       1.0000000000000000
 2456098.5000000000000000      10.6389000000000000       0.0581075000000000      11.5976000000000000       0.0000000000000000
 2456099.5000000000000000       0.0000000000000000     -49.9620000000000030     -49.9609999999999990       1.0000000000000000
 2456100.5000000000000000      10.8148000000000000      -0.0311290000000000      -4.8797499999999996       0.0000000000000000
 2456101.5000000000000000       0.0000000000000000     -49.9620000000000030     -49.9609999999999990       1.0000000000000000
 2456102.5000000000000000      10.3752000000000000      -0.2096020000000000     -17.5505999999999990       0.0000000000000000
 2456103.5000000000000000       0.0000000000000000     -49.9620000000000030     -49.9609999999999990       1.0000000000000000
 2456104.5000000000000000      10.3752000000000000       0.2448820000000000      18.3987000000000020       0.0000000000000000
 2456105.5000000000000000       0.0000000000000000     -49.9620000000000030     -49.9609999999999990       1.0000000000000000
 2456106.5000000000000000      10.8148000000000000      -0.2199780000000000      -2.8223699999999998       0.0000000000000000
 2456107.5000000000000000      10.5510000000000000       0.0352796000000000       9.5839499999999997       1.0000000000000000
 2456108.5000000000000000      10.7269000000000010       7.2206900000000003       6.6988700000000003       0.0000000000000000
 2456109.5000000000000000      10.3752000000000000     -16.8775000000000010       2.5982400000000001       0.0000000000000000
 2456110.5000000000000000      10.5510000000000000      -0.1909250000000000     -12.4792000000000010       0.0000000000000000
 2456111.5000000000000000      10.3752000000000000       0.4150540000000000      18.7212999999999990       0.0000000000000000
 2456112.5000000000000000      10.2873000000000000       0.0933871000000000      19.2860000000000010       0.0000000000000000
 2456113.5000000000000000      10.1992999999999990     -14.0314999999999990     -15.7026000000000000       0.0000000000000000
 2456114.5000000000000000      10.8148000000000000      -0.2448820000000000      -3.0029100000000000       0.0000000000000000
 2456115.5000000000000000      10.8148000000000000       0.7678490000000000      -2.7248299999999999       0.0000000000000000
 2456116.5000000000000000      10.8148000000000000      -0.2428060000000000      -2.3201499999999999       0.0000000000000000
 2456117.5000000000000000      10.6389000000000000       0.3237420000000000      11.0017000000000000       0.0000000000000000
 2456118.5000000000000000      10.7269000000000010       0.0456559000000000       8.2272800000000004       0.0000000000000000
 2456119.5000000000000000      10.7269000000000010       0.7076670000000001      -3.8134399999999999       0.0000000000000000
 2456120.5000000000000000      10.7269000000000010       0.0415054000000000       7.6311200000000001       0.0000000000000000
 2456121.5000000000000000      10.2873000000000000      -0.6993660000000000     -18.5874999999999990       0.0000000000000000
 2456122.5000000000000000      10.3752000000000000       0.1909250000000000      18.0228000000000000       0.0000000000000000
 2456123.5000000000000000      10.3752000000000000      -0.6786130000000000     -17.6315999999999990       0.0000000000000000
 2456124.5000000000000000      10.7269000000000010      -0.7242690000000001      -5.8181900000000004       0.0000000000000000
 2456125.5000000000000000      10.4631000000000010      -0.6557850000000000     -16.0400999999999990       0.0000000000000000
 2456126.5000000000000000      10.7269000000000010      -0.1265910000000000      -7.0371300000000003       0.0000000000000000
 2456127.5000000000000000      10.8148000000000000       0.2760110000000000       1.6207800000000001       0.0000000000000000
 2456128.5000000000000000      10.8148000000000000      -0.0124516000000000      -1.4921199999999999       0.0000000000000000
 2456129.5000000000000000      10.8148000000000000       0.2635590000000000       0.0207527000000000       0.0000000000000000
 2456130.5000000000000000      10.8148000000000000      -0.0207527000000000      -3.1108300000000000       0.0000000000000000
 2456131.5000000000000000      10.3752000000000000      12.9422000000000000      13.8642000000000000       0.0000000000000000
 2456132.5000000000000000      10.3752000000000000      12.5988000000000010      12.9113000000000010       0.0000000000000000
 2456133.5000000000000000      10.8148000000000000       0.6184300000000000       2.0316900000000002       0.0000000000000000
 2456134.5000000000000000      10.8148000000000000      -0.1556450000000000       1.4257100000000000       0.0000000000000000
 2456135.5000000000000000      10.8148000000000000      -0.7242690000000001      -1.1974300000000000       0.0000000000000000
 2456136.5000000000000000      10.8148000000000000      -0.3071400000000000      -2.8618000000000001       0.0000000000000000
 2456137.5000000000000000      10.6389000000000000       0.2262040000000000     -10.3386000000000000       0.0000000000000000
 2456138.5000000000000000      10.6389000000000000      -0.0705591000000000     -11.4613000000000000       0.0000000000000000
 2456139.5000000000000000      10.8148000000000000      -0.1286670000000000       5.9295600000000004       0.0000000000000000
 2456140.5000000000000000      10.6389000000000000      -0.1867740000000000     -12.5332000000000010       0.0000000000000000
 2456141.5000000000000000      10.7269000000000010      -0.6620110000000000       9.2951300000000003       0.0000000000000000
 2456142.5000000000000000      10.2873000000000000       0.2075270000000000     -19.4712000000000000       0.0000000000000000
 2456143.5000000000000000      10.7269000000000010       0.5395700000000000      -6.8535599999999999       0.0000000000000000
 2456144.5000000000000000      10.6389000000000000       0.2822370000000000      13.0348000000000010       0.0000000000000000
 2456145.5000000000000000      10.8148000000000000       0.6620110000000000      -4.5394399999999999       0.0000000000000000
 2456146.5000000000000000      10.8148000000000000       0.0830108000000000       2.6480399999999999       0.0000000000000000
 2456147.5000000000000000      10.5510000000000000      -0.4544840000000000     -15.5579000000000000       0.0000000000000000
 2456148.5000000000000000      10.1114000000000000     -13.4042999999999990     -18.4628000000000010       0.0000000000000000
 2456149.5000000000000000      10.8148000000000000       0.3963760000000000      -3.9392499999999999       0.0000000000000000
 2456150.5000000000000000      10.4631000000000010      -6.6514400000000000      15.5290000000000000       0.0000000000000000
 2456151.5000000000000000      10.8148000000000000       0.6495590000000000      -4.9251300000000002       0.0000000000000000
 2456152.5000000000000000      10.4631000000000010       0.1805480000000000      17.6084000000000000       0.0000000000000000
 2456153.5000000000000000      10.6389000000000000      -0.0871613000000000     -11.4451000000000000       0.0000000000000000
 2456154.5000000000000000      10.8148000000000000      -0.3403440000000000      -4.9375000000000000       0.0000000000000000
 2456155.5000000000000000      10.8148000000000000       0.6412580000000000      -5.1189999999999998       0.0000000000000000
 2456156.5000000000000000      10.7269000000000010       0.3631720000000000      11.6769000000000000       0.0000000000000000
 2456157.5000000000000000      10.6389000000000000      -0.5520220000000000     -12.2169000000000010       0.0000000000000000
 2456158.5000000000000000      10.6389000000000000       0.2552580000000000     -12.7782000000000000       0.0000000000000000
 2456159.5000000000000000      10.4631000000000010       0.2033760000000000     -17.9806999999999990       0.0000000000000000
 2456160.5000000000000000      10.9026999999999990       3.4034399999999998       0.9234950000000000       0.0000000000000000
 2456161.5000000000000000      10.9026999999999990       0.1328170000000000       1.4485399999999999       0.0000000000000000
 2456162.5000000000000000      10.9026999999999990      -0.3444950000000000      -2.9116000000000000       0.0000000000000000
 2456163.5000000000000000      10.8148000000000000       0.6308820000000001      -5.2716300000000000       0.0000000000000000
 2456164.5000000000000000      10.8148000000000000       0.2946880000000000       8.5140700000000002       0.0000000000000000
 2456165.5000000000000000      10.7269000000000010      -7.0948700000000002      -8.0808300000000006       0.0000000000000000
 2456166.5000000000000000      10.7269000000000010       6.0553800000000004     -10.5703999999999990       0.0000000000000000
 2456167.5000000000000000      10.6389000000000000       0.1099890000000000     -14.9387000000000010       0.0000000000000000
 2456168.5000000000000000      10.9026999999999990      -0.3527960000000000      -2.4674900000000002       0.0000000000000000
 2456169.5000000000000000      10.4631000000000010      -0.0062258100000000     -18.8771999999999980       0.0000000000000000
 2456170.5000000000000000      10.6389000000000000      -0.0622581000000000     -14.4275000000000000       0.0000000000000000
 2456171.5000000000000000      10.9026999999999990       0.2614840000000000      -5.1664399999999997       0.0000000000000000
 2456172.5000000000000000      10.5510000000000000      -0.1203660000000000     -16.2311000000000010       0.0000000000000000
 2456173.5000000000000000      10.9026999999999990       0.6308820000000001      -2.9904600000000001       0.0000000000000000
 2456174.5000000000000000      10.9026999999999990      -0.3693980000000000      -3.8155000000000001       0.0000000000000000
 2456175.5000000000000000      10.7269000000000010       0.0083010800000000     -13.5131999999999990       0.0000000000000000
 2456176.5000000000000000      10.5510000000000000      -0.0830108000000000     -17.7624999999999990       0.0000000000000000
 2456177.5000000000000000      10.8148000000000000       0.0311290000000000     -11.1095000000000010       0.0000000000000000
 2456178.5000000000000000      10.7269000000000010       2.7165300000000001     -14.0802999999999990       0.0000000000000000
 2456179.5000000000000000      10.9906000000000010       0.3175160000000000       2.9531100000000001       0.0000000000000000
 2456180.5000000000000000      10.8148000000000000       0.0684839000000000      -9.1303699999999992       0.0000000000000000
 2456181.5000000000000000      10.9026999999999990       0.3216670000000000       4.7003100000000000       0.0000000000000000
 2456182.5000000000000000      10.6389000000000000      -0.0830108000000000     -16.3815999999999990       0.0000000000000000
 2456183.5000000000000000      10.5510000000000000      -0.2988390000000000     -18.1071999999999990       0.0000000000000000
 2456184.5000000000000000      10.7269000000000010      -0.0726344000000000     -14.4370999999999990       0.0000000000000000
 2456185.5000000000000000      10.9026999999999990       0.0103763000000000      -8.5913599999999999       0.0000000000000000
 2456186.5000000000000000      10.9906000000000010      -0.2469570000000000       2.2973200000000000       0.0000000000000000
 2456187.5000000000000000      10.8148000000000000      -0.5250430000000000     -11.1440000000000000       0.0000000000000000
 2456188.5000000000000000      10.9906000000000010       0.1971510000000000      -4.1619999999999999       0.0000000000000000
 2456189.5000000000000000      10.5510000000000000       9.6388700000000007     -16.7789000000000000       0.0000000000000000
 2456190.5000000000000000      10.8148000000000000      -0.1556450000000000     -12.9286999999999990       0.0000000000000000
 2456191.5000000000000000      10.7269000000000010       0.0996129000000000     -15.4962000000000000       0.0000000000000000
 2456192.5000000000000000      10.9026999999999990      -0.0892366000000000      -8.9534099999999999       0.0000000000000000
 2456193.5000000000000000      10.9906000000000010       0.0975376000000000       4.2424400000000002       0.0000000000000000
 2456194.5000000000000000      10.9906000000000010      -0.0207527000000000      -4.6817500000000001       0.0000000000000000
 2456195.5000000000000000      10.9906000000000010       0.0103763000000000      -3.7330000000000001       0.0000000000000000
 2456196.5000000000000000      10.9906000000000010      -0.0103763000000000       6.7772500000000004       0.0000000000000000
 2456197.5000000000000000      10.9026999999999990      -0.5852260000000000      10.4871000000000000       0.0000000000000000
 2456198.5000000000000000      10.9026999999999990       0.0186774000000000       9.2768200000000007       0.0000000000000000
 2456199.5000000000000000      10.7269000000000010       0.2594090000000000      16.8830999999999990       0.0000000000000000
 2456200.5000000000000000      10.9026999999999990       0.0145269000000000      10.5520999999999990       0.0000000000000000
 2456201.5000000000000000      11.0785000000000000       0.0249032000000000      -0.0871613000000000       0.0000000000000000
 2456202.5000000000000000      10.9026999999999990       0.0207527000000000      12.4715000000000010       0.0000000000000000
 2456203.5000000000000000      10.9906000000000010      -0.3071400000000000      -8.3065999999999995       0.0000000000000000
 2456204.5000000000000000      10.9906000000000010       0.1556450000000000      -7.3939399999999997       0.0000000000000000
 2456205.5000000000000000      10.9026999999999990      -0.5706990000000000      11.3129000000000010       0.0000000000000000
 2456206.5000000000000000      10.7269000000000010       0.0373548000000000      16.3005999999999990       0.0000000000000000
 2456207.5000000000000000      11.0785000000000000      -0.4856130000000000       4.9168700000000003       0.0000000000000000
 2456208.5000000000000000      10.6389000000000000       0.0518817000000000      18.2722000000000020       0.0000000000000000
 2456209.5000000000000000      10.9906000000000010      -2.2039399999999998       7.8489500000000003       0.0000000000000000
 2456210.5000000000000000      11.0785000000000000      -0.4129790000000000      -1.7494499999999999       0.0000000000000000
 2456211.5000000000000000      10.8148000000000000      -0.4897630000000000      14.7535000000000010       0.0000000000000000
 2456212.5000000000000000      10.9906000000000010       0.0809355000000000      10.4300999999999990       0.0000000000000000
 2456213.5000000000000000      10.9906000000000010       0.5229680000000000       9.6653099999999998       0.0000000000000000
 2456214.5000000000000000      11.0785000000000000       0.1369680000000000      -3.1502599999999998       0.0000000000000000
 2456215.5000000000000000      10.9026999999999990      -0.2428060000000000      14.7188000000000000       0.0000000000000000
 2456216.5000000000000000      10.9906000000000010      -0.3361940000000000      -9.1446100000000001       0.0000000000000000
 2456217.5000000000000000      11.0785000000000000      -0.1265910000000000       6.1440599999999996       0.0000000000000000
 2456218.5000000000000000      11.0785000000000000      -0.1577200000000000       1.2244100000000000       0.0000000000000000
 2456219.5000000000000000      11.0785000000000000       0.5831510000000000      -0.9297200000000000       0.0000000000000000
 2456220.5000000000000000      10.2873000000000000      17.9935000000000010      19.7682000000000000       0.0000000000000000
 2456221.5000000000000000      10.8148000000000000      -0.6391830000000000     -15.5675000000000010       0.0000000000000000
 2456222.5000000000000000      10.8148000000000000       0.3776990000000000     -15.3843000000000000       0.0000000000000000
 2456223.5000000000000000      11.1663999999999990       0.5769250000000000      -0.4835380000000000       0.0000000000000000
 2456224.5000000000000000      10.9906000000000010       1.3593000000000000      12.9750000000000000       0.0000000000000000
 2456225.5000000000000000      10.7269000000000010       2.7746300000000002     -17.7313000000000010       0.0000000000000000
 2456226.5000000000000000      10.6389000000000000       0.2967630000000000     -19.7645000000000020       0.0000000000000000
 2456227.5000000000000000      10.9026999999999990       0.3714730000000000     -14.1458999999999990       0.0000000000000000
 2456228.5000000000000000      10.9906000000000010      -0.3714730000000000     -11.7746000000000000       0.0000000000000000
 2456229.5000000000000000      10.9906000000000010       0.4005270000000000     -12.2207000000000010       0.0000000000000000
 2456230.5000000000000000      10.9906000000000010      -0.3756240000000000     -10.8897999999999990       0.0000000000000000
 2456231.5000000000000000      10.9026999999999990       0.5208930000000001     -13.5614000000000010       0.0000000000000000
 2456232.5000000000000000      10.8148000000000000      -0.2428060000000000     -16.3121000000000010       0.0000000000000000
 2456233.5000000000000000      11.1663999999999990       0.5105160000000000       3.9454400000000001       0.0000000000000000
 2456234.5000000000000000      10.9026999999999990      -0.2220540000000000     -14.4140000000000000       0.0000000000000000
 2456235.5000000000000000      10.7269000000000010      -0.6163550000000000     -19.4253000000000000       0.0000000000000000
 2456236.5000000000000000      10.7269000000000010       0.4005270000000000     -19.1209999999999990       0.0000000000000000
 2456237.5000000000000000      10.7269000000000010      -0.6039030000000000     -18.8404999999999990       0.0000000000000000
 2456238.5000000000000000      10.7269000000000010       0.4046770000000000     -18.5307000000000000       0.0000000000000000
 2456239.5000000000000000      10.8148000000000000      -0.6080540000000000     -18.2427999999999990       0.0000000000000000
 2456240.5000000000000000      11.1663999999999990      -0.4524090000000000      -0.8799140000000000       0.0000000000000000
 2456241.5000000000000000      11.1663999999999990       0.5665480000000001       0.4835380000000000       0.0000000000000000
 2456242.5000000000000000      11.1663999999999990      -0.4503330000000000       0.9255700000000000       0.0000000000000000
 2456243.5000000000000000      10.7269000000000010       0.4358060000000000     -19.3281999999999990       0.0000000000000000
 2456244.5000000000000000      11.1663999999999990      -0.4524090000000000       1.0957399999999999       0.0000000000000000
 2456245.5000000000000000      11.1663999999999990       0.5623980000000000       1.6456900000000001       0.0000000000000000
 2456246.5000000000000000      11.1663999999999990      -0.4524090000000000       1.8324600000000000       0.0000000000000000
 2456247.5000000000000000      11.1663999999999990       0.0435806000000000      -4.6425599999999996       0.0000000000000000
 2456248.5000000000000000      11.1663999999999990      -0.0601828000000000      -3.6337999999999999       0.0000000000000000
 2456249.5000000000000000      10.8148000000000000       0.1701720000000000     -17.4483000000000000       0.0000000000000000
 2456250.5000000000000000      10.9026999999999990      -0.3424190000000000     -16.5513000000000010       0.0000000000000000
 2456251.5000000000000000      11.1663999999999990       0.5457960000000000       1.0729100000000000       0.0000000000000000
 2456252.5000000000000000      11.0785000000000000       0.1411180000000000      10.3955000000000000       0.0000000000000000
 2456253.5000000000000000      11.0785000000000000      -0.2967630000000000      -9.6429399999999994       0.0000000000000000
 2456254.5000000000000000      11.1663999999999990      -0.4669350000000000       2.1396000000000002       0.0000000000000000
 2456255.5000000000000000      11.1663999999999990       0.3943010000000000       4.2321200000000001       0.0000000000000000
 2456256.5000000000000000      11.1663999999999990      -0.3299680000000000       6.3317500000000004       0.0000000000000000
 2456257.5000000000000000      11.2544000000000000       0.5437200000000000       1.8698200000000000       0.0000000000000000
 2456258.5000000000000000      11.1663999999999990      -2.1894100000000001       2.2931699999999999       0.0000000000000000
 2456259.5000000000000000      11.1663999999999990       0.4046770000000000       6.3956900000000001       0.0000000000000000
 2456260.5000000000000000      11.1663999999999990      -0.3278920000000000       8.4794900000000002       0.0000000000000000
 2456261.5000000000000000      11.1663999999999990       0.4295810000000000       9.0978300000000001       0.0000000000000000
 2456262.5000000000000000      11.2544000000000000      -0.0041505400000000       0.4067530000000000       0.0000000000000000
 2456263.5000000000000000      11.1663999999999990       0.4109030000000000       8.5079700000000003       0.0000000000000000
 2456264.5000000000000000      11.2544000000000000       1.2347800000000000       3.7226900000000001       0.0000000000000000
 2456265.5000000000000000      11.2544000000000000       0.5354190000000000       2.9385800000000000       0.0000000000000000
 2456266.5000000000000000      11.2544000000000000      -0.4793870000000000       3.2976000000000001       0.0000000000000000
 2456267.5000000000000000      10.7269000000000010     -16.3321000000000010      12.7165000000000000       0.0000000000000000
 2456268.5000000000000000      10.9906000000000010      -0.3299680000000000      15.7604000000000010       0.0000000000000000
 2456269.5000000000000000      11.2544000000000000       0.5291940000000001       3.2872300000000001       0.0000000000000000
 2456270.5000000000000000      10.9906000000000010      -0.5499460000000001     -15.1760000000000000       0.0000000000000000
 2456271.5000000000000000      10.8148000000000000       8.8578200000000002     -17.0972000000000010       0.0000000000000000
 2456272.5000000000000000      11.0785000000000000       0.6495590000000000      10.9589000000000000       0.0000000000000000
 2456273.5000000000000000      11.0785000000000000      -0.0767849000000000      11.3027000000000000       0.0000000000000000
 2456274.5000000000000000      11.2544000000000000      -0.5001400000000000       3.4532500000000002       0.0000000000000000
 2456275.5000000000000000      10.9906000000000010       0.0850860000000000      16.1847999999999990       0.0000000000000000
 2456276.5000000000000000      10.9906000000000010      -0.4814620000000000      15.5444000000000000       0.0000000000000000
 2456277.5000000000000000      11.2544000000000000       0.4814620000000000       3.5653100000000002       0.0000000000000000
 2456278.5000000000000000      11.2544000000000000      -0.4959890000000000       3.8361200000000002       0.0000000000000000
 2456279.5000000000000000      11.0785000000000000      -0.1162150000000000     -12.9826999999999990       0.0000000000000000
 2456280.5000000000000000      11.0785000000000000       0.1058390000000000     -11.9275000000000000       0.0000000000000000
 2456281.5000000000000000      11.0785000000000000       0.4316560000000000      11.5833999999999990       0.0000000000000000
 2456282.5000000000000000      10.9026999999999990       0.0871613000000000      17.9862000000000000       0.0000000000000000
 2456283.5000000000000000      11.2544000000000000       0.4710860000000000       5.1623099999999997       0.0000000000000000
 2456284.5000000000000000      11.2544000000000000      -0.5105160000000000       5.4221899999999996       0.0000000000000000
 2456285.5000000000000000      10.8148000000000000       0.2573330000000000     -19.4033000000000020       0.0000000000000000
 2456286.5000000000000000      10.8148000000000000      -0.6454090000000000     -18.8661999999999990       0.0000000000000000
 2456287.5000000000000000      11.1663999999999990       0.2262040000000000      -7.4434399999999998       0.0000000000000000
 2456288.5000000000000000      11.2544000000000000      -0.1058390000000000      -3.8299400000000001       0.0000000000000000
 2456289.5000000000000000      11.2544000000000000       0.4773120000000000       3.9310000000000000       0.0000000000000000
 2456290.5000000000000000      10.9906000000000010       0.0041505400000000      16.1231000000000010       0.0000000000000000
 2456291.5000000000000000      10.9026999999999990      -0.4690110000000000     -17.7332000000000000       0.0000000000000000
 2456292.5000000000000000      11.0785000000000000       0.4026020000000000     -12.3480000000000010       0.0000000000000000
