Time P3114 A5334 A5335 A5016
Sampling rate [day] =  1.00000
Retrieving method =  last
Binning mode =  all
 2457388.5000200001522899      10.6388999999999996      14.4564000000000004     -15.2684999999999995       0.0000000000000000
 2457389.5000200001522899      10.6388999999999996      15.0582999999999991     -14.4872999999999994       0.0000000000000000
 2457390.5000200001522899      10.9906000000000006      -0.0124516000000000       8.9757899999999999       0.0000000000000000
 2457391.5000200001522899      10.7269000000000005       0.5603230000000000      17.5003999999999991       0.0000000000000000
 2457392.5000200001522899      10.9026999999999994      -0.0518817000000000     -11.1400000000000006       0.0000000000000000
 2457393.5000200001522899      10.8148000000000000      -0.3797740000000000     -13.5807000000000002       0.0000000000000000
 2457394.5000200001522899      10.9026999999999994      -0.0622581000000000     -13.1234999999999999       0.0000000000000000
 2457395.5000200001522899      10.9026999999999994      -0.3320430000000000     -12.6778999999999993       0.0000000000000000
 2457396.5000200001522899      10.8148000000000000      -0.0747097000000000     -15.0968999999999998       0.0000000000000000
 2457397.5000200001522899      10.9026999999999994      -6.1110600000000002       9.8036300000000001       0.0000000000000000
 2457398.5000200001522899      10.7269000000000005      15.0988000000000007      -8.9737500000000008       0.0000000000000000
 2457399.5000200001522899      11.0785000000000000       4.4548699999999997       0.2303550000000000       0.0000000000000000
 2457400.5000200001522899      11.0785000000000000      -0.0145269000000000      -1.1891300000000000       0.0000000000000000
 2457401.5000200001522899      10.9026999999999994      -6.5503700000000000      -4.3600000000000003       0.0000000000000000
 2457402.5000200001522899      10.9906000000000006       0.1846990000000000       7.0990000000000002       0.0000000000000000
 2457403.5000200001522899      10.9906000000000006       0.5208930000000001      -1.7930299999999999       0.0000000000000000
 2457404.5000200001522899      11.0785000000000000       0.0456559000000000      -1.8968000000000000       0.0000000000000000
 2457405.5000200001522899      10.8148000000000000      -3.8319999999999999     -12.6257999999999999       0.0000000000000000
 2457406.5000200001522899      10.7269000000000005      -0.0643333000000000     -17.7716999999999992       0.0000000000000000
 2457407.5000200001522899      10.7269000000000005      -0.3154410000000000     -17.5930000000000000       0.0000000000000000
 2457408.5000200001522899      10.6388999999999996      19.1484999999999985       2.4218400000000000       0.0000000000000000
 2457409.5000200001522899      10.7269000000000005      -0.2677100000000000     -17.2072000000000003       0.0000000000000000
 2457410.5000200001522899      10.7269000000000005       0.2262040000000000      18.8185000000000002       0.0000000000000000
 2457411.5000200001522899      10.7269000000000005      -0.2905380000000000     -16.8251999999999988       0.0000000000000000
 2457412.5000200001522899      10.9026999999999994      -0.0954624000000000     -12.5254999999999992       0.0000000000000000
 2457413.5000200001522899      10.7269000000000005      -0.2262040000000000     -16.4221000000000004       0.0000000000000000
 2457414.5000200001522899      10.6388999999999996       0.0124516000000000     -18.2171999999999983       0.0000000000000000
 2457415.5000200001522899      10.7269000000000005      -0.2158280000000000     -15.9900000000000002       0.0000000000000000
 2457416.5000200001522899      10.9906000000000006       0.1514950000000000       4.8508699999999996       0.0000000000000000
 2457417.5000200001522899      10.7269000000000005      -0.2905380000000000     -15.5559999999999992       0.0000000000000000
 2457418.5000200001522899      10.9906000000000006       0.0124516000000000      -6.1646900000000002       0.0000000000000000
 2457419.5000200001522899      10.7269000000000005      -0.1971510000000000     -15.0794999999999995       0.0000000000000000
 2457420.5000200001522899      10.9906000000000006      -0.0083010800000000       8.4611900000000002       0.0000000000000000
 2457421.5000200001522899      10.8148000000000000      -0.1888490000000000     -14.6050000000000004       0.0000000000000000
 2457422.5000200001522899      10.7269000000000005       0.1307420000000000      17.7789999999999999       0.0000000000000000
 2457423.5000200001522899      10.8148000000000000      -0.1805480000000000     -14.1150000000000002       0.0000000000000000
 2457424.5000200001522899      10.7269000000000005      -0.1411180000000000     -17.0045999999999999       0.0000000000000000
 2457425.5000200001522899      10.8148000000000000      -0.1805480000000000     -13.5980000000000008       0.0000000000000000
 2457426.5000200001522899      10.8148000000000000       0.0954624000000000      14.5259000000000000       0.0000000000000000
 2457427.5000200001522899      10.8148000000000000      -0.1763980000000000     -13.0830000000000002       0.0000000000000000
 2457428.5000200001522899      10.9906000000000006      -0.0207527000000000      -1.7079500000000001       0.0000000000000000
 2457429.5000200001522899      10.8148000000000000      -0.1701720000000000     -12.5543999999999993       0.0000000000000000
 2457430.5000200001522899      10.9906000000000006       0.1369680000000000       2.5837100000000000       0.0000000000000000
 2457431.5000200001522899      10.8148000000000000      -0.1660220000000000     -12.0084999999999997       0.0000000000000000
 2457432.5000200001522899      10.7269000000000005       0.0456559000000000     -14.9715000000000007       0.0000000000000000
 2457433.5000200001522899      10.8148000000000000      -0.1618710000000000     -11.4288000000000007       0.0000000000000000
 2457434.5000200001522899      10.6388999999999996     -12.3368000000000002     -11.2294999999999998       0.0000000000000000
 2457435.5000200001522899      10.8148000000000000      -0.1597960000000000     -10.8389000000000006       0.0000000000000000
 2457436.5000200001522899      10.7269000000000005      -0.0705591000000000     -14.5779999999999994       0.0000000000000000
 2457437.5000200001522899      10.8148000000000000      -0.1556450000000000     -10.2369000000000003       0.0000000000000000
 2457438.5000200001522899      10.8148000000000000      -0.0601828000000000     -12.6990999999999996       0.0000000000000000
 2457439.5000200001522899      10.8148000000000000      -0.1514950000000000      -9.6144599999999993       0.0000000000000000
 2457440.5000200001522899      10.8148000000000000      12.7646999999999995       4.8570599999999997       0.0000000000000000
 2457441.5000200001522899      10.8148000000000000      -0.1494190000000000      -8.9981600000000004       0.0000000000000000
 2457442.5000200001522899      10.5510000000000002      -0.5001400000000000     -18.5599999999999987       0.0000000000000000
 2457443.5000200001522899      10.8148000000000000      -0.1431940000000000      -8.3798300000000001       0.0000000000000000
 2457444.5000200001522899      10.5510000000000002       2.4031600000000002      18.9926999999999992       0.0000000000000000
 2457445.5000200001522899      10.8148000000000000      -0.1369680000000000      -7.7342500000000003       0.0000000000000000
 2457446.5000200001522899      10.9026999999999994      -0.0083010800000000       4.3806200000000004       0.0000000000000000
 2457447.5000200001522899      10.8148000000000000      -0.1369680000000000      -7.0886899999999997       0.0000000000000000
 2457448.5000200001522899      10.8148000000000000      -0.0394301000000000      -9.0469799999999996       0.0000000000000000
 2457449.5000200001522899      10.8148000000000000      -0.1286670000000000      -6.4369399999999999       0.0000000000000000
 2457450.5000200001522899      10.8148000000000000       0.1203660000000000      12.4926999999999992       0.0000000000000000
 2457451.5000200001522899      10.8148000000000000      -0.1245160000000000      -5.7769399999999997       0.0000000000000000
 2457452.5000200001522899      10.8148000000000000       0.1016880000000000       9.7873500000000000       0.0000000000000000
 2457453.5000200001522899      10.8148000000000000      -0.0954624000000000      -5.1128099999999996       0.0000000000000000
 2457454.5000200001522899      10.8148000000000000       0.1058390000000000      10.8653999999999993       0.0000000000000000
 2457455.5000200001522899      10.8148000000000000      -0.1141400000000000      -4.4486900000000000       0.0000000000000000
 2457456.5000200001522899      10.9026999999999994       0.0435806000000000      -0.2552580000000000       0.0000000000000000
 2457457.5000200001522899      10.7269000000000005      -0.1556450000000000     -11.6321999999999992       0.0000000000000000
 2457458.5000200001522899      10.5510000000000002       5.0138100000000003      19.0641999999999996       0.0000000000000000
 2457459.5000200001522899      10.7269000000000005      -0.1473440000000000     -10.7108000000000008       0.0000000000000000
 2457460.5000200001522899      10.9026999999999994       5.9089400000000003       3.2810000000000001       0.0000000000000000
 2457461.5000200001522899      10.8148000000000000      -0.1411180000000000      -9.7426100000000009       0.0000000000000000
 2457462.5000200001522899      10.9026999999999994       5.5913100000000000       1.3011900000000001       0.0000000000000000
 2457463.5000200001522899      10.7269000000000005      -0.1369680000000000      -8.8069699999999997       0.0000000000000000
 2457464.5000200001522899      10.7269000000000005       0.0228280000000000     -11.3331999999999997       0.0000000000000000
 2457465.5000200001522899      10.7269000000000005      -0.1328170000000000      -7.8672599999999999       0.0000000000000000
 2457466.5000200001522899      10.9026999999999994       0.0601828000000000       4.8281900000000002       0.0000000000000000
 2457467.5000200001522899      10.7269000000000005      -0.1245160000000000      -6.9092500000000001       0.0000000000000000
 2457468.5000200001522899      10.8148000000000000       2.4176899999999999       8.5893300000000004       0.0000000000000000
 2457469.5000200001522899      10.6388999999999996      -0.1182900000000000      -5.9604999999999997       0.0000000000000000
 2457470.5000200001522899      10.6388999999999996       5.1313700000000004      14.4449000000000005       0.0000000000000000
 2457471.5000200001522899      10.6388999999999996      -0.1162150000000000      -5.0014399999999997       0.0000000000000000
 2457472.5000200001522899      10.5510000000000002       0.0601828000000000      17.2786000000000008       0.0000000000000000
 2457473.5000200001522899      10.7269000000000005      -0.1037630000000000      -4.0465000000000000       0.0000000000000000
 2457474.5000200001522899      10.4631000000000007     -10.4131999999999998      15.9418000000000006       0.0000000000000000
 2457475.5000200001522899       6.7705299999999999      -0.1618710000000000      -3.0464899999999999       1.0000000000000000
 2457476.5000200001522899      10.7269000000000005       0.0249032000000000       9.1263000000000005       0.0000000000000000
 2457477.5000200001522899      10.5510000000000002      -0.0850860000000000      -2.1105499999999999       1.0000000000000000
 2457478.5000200001522899      10.8148000000000000      -0.0145269000000000       2.5027699999999999       0.0000000000000000
 2457479.5000200001522899      10.9026999999999994      -0.1203660000000000      -1.1372500000000001       1.0000000000000000
 2457480.5000200001522899      10.4631000000000007      -0.0560323000000000     -16.6458000000000013       0.0000000000000000
 2457481.5000200001522899      11.1663999999999994      -0.1618710000000000      -0.1805480000000000       0.0000000000000000
 2457482.5000200001522899      10.4631000000000007      -0.1556450000000000     -16.7596999999999987       0.0000000000000000
 2457483.5000200001522899      11.1663999999999994      -0.1805480000000000       0.7865270000000000       0.0000000000000000
 2457484.5000200001522899      10.5510000000000002      -0.0684839000000000     -15.2202999999999999       0.0000000000000000
 2457485.5000200001522899      10.9906000000000006      -0.1680970000000000       1.7432300000000001       0.0000000000000000
 2457486.5000200001522899      10.8148000000000000       0.0850860000000000       6.1110600000000002       0.0000000000000000
 2457487.5000200001522899      10.9026999999999994      -0.0415054000000000       2.6957700000000000       0.0000000000000000
 2457488.5000200001522899      10.8148000000000000      -0.0166022000000000      -3.9433799999999999       0.0000000000000000
 2457489.5000200001522899      10.8148000000000000      -0.0518817000000000       3.6545500000000000       0.0000000000000000
 2457490.5000200001522899      10.6388999999999996      -0.0913118000000000      -9.7263300000000008       0.0000000000000000
 2457491.5000200001522899      10.8148000000000000      -0.0062258100000000       4.5930600000000004       0.0000000000000000
 2457492.5000200001522899      10.6388999999999996      -0.1037630000000000     -11.3514999999999997       0.0000000000000000
 2457493.5000200001522899      10.7269000000000005      -0.0228280000000000       5.5500600000000002       0.0000000000000000
 2457494.5000200001522899      10.4631000000000007       0.2946880000000000     -15.2222000000000008       0.0000000000000000
 2457495.5000200001522899      10.7269000000000005      -0.1120650000000000       6.4823100000000000       0.0000000000000000
 2457496.5000200001522899      10.4631000000000007       0.4275050000000000     -16.3448999999999991       0.0000000000000000
 2457497.5000200001522899      10.7269000000000005      -0.1846990000000000       7.4331300000000002       0.0000000000000000
 2457498.5000200001522899      10.3751999999999995       0.2677100000000000      19.2622000000000000       0.0000000000000000
 2457499.5000200001522899      10.6388999999999996       0.0726344000000000       8.3533799999999996       0.0000000000000000
 2457500.5000200001522899      10.3751999999999995       0.2739350000000000      18.5912000000000006       0.0000000000000000
 2457501.5000200001522899      10.6388999999999996       0.0913118000000000       9.2808899999999994       0.0000000000000000
 2457502.5000200001522899      10.3751999999999995      -0.0228280000000000      18.8019999999999996       0.0000000000000000
 2457503.5000200001522899      10.6388999999999996      -0.0767849000000000      10.1900999999999993       0.0000000000000000
 2457504.5000200001522899      10.7269000000000005      -0.3112900000000000       3.0900799999999999       0.0000000000000000
 2457505.5000200001522899      10.6388999999999996       0.1079140000000000      11.0911000000000008       0.0000000000000000
 2457506.5000200001522899      10.3751999999999995       0.0249032000000000      18.4976999999999983       0.0000000000000000
 2457507.5000200001522899      10.5510000000000002       0.0767849000000000      11.9892000000000003       0.0000000000000000
 2457508.5000200001522899      10.7269000000000005      -0.1950750000000000       1.0355600000000000       0.0000000000000000
 2457509.5000200001522899      10.5510000000000002       0.2179030000000000      12.8573000000000004       0.0000000000000000
 2457510.5000200001522899      10.5510000000000002      -0.5084410000000000     -10.7576000000000001       0.0000000000000000
 2457511.5000200001522899      10.4631000000000007      -0.0435806000000000      13.6770999999999994       0.0000000000000000
 2457512.5000200001522899      10.1992999999999991      12.2284000000000006     -15.9205000000000005       0.0000000000000000
 2457513.5000200001522899      10.4631000000000007      -0.0041505400000000      14.5027000000000008       0.0000000000000000
 2457514.5000200001522899      10.5510000000000002       0.2718600000000000      12.3074999999999992       0.0000000000000000
 2457515.5000200001522899      10.4631000000000007      -0.1597960000000000      15.3361000000000001       0.0000000000000000
 2457516.5000200001522899      10.1992999999999991      -0.1286670000000000     -18.7212999999999994       0.0000000000000000
 2457517.5000200001522899      10.3751999999999995      -0.0435806000000000      16.1481999999999992       0.0000000000000000
 2457518.5000200001522899      10.7269000000000005      -0.0581075000000000      -0.7740750000000000       0.0000000000000000
 2457519.5000200001522899      10.6388999999999996       0.5395700000000000      -4.9601899999999999       0.0000000000000000
 2457520.5000200001522899      10.6388999999999996       4.5476900000000002      -5.4943799999999996       0.0000000000000000
 2457521.5000200001522899      10.5510000000000002      -3.8608699999999998      -6.8948099999999997       0.0000000000000000
 2457522.5000200001522899      10.6388999999999996       0.0207527000000000       5.9151199999999999       0.0000000000000000
 2457523.5000200001522899      10.6388999999999996      -0.5354190000000000       0.0373548000000000       0.0000000000000000
 2457524.5000200001522899      10.5510000000000002      -3.1544099999999999      -9.2890200000000007       0.0000000000000000
 2457525.5000200001522899      10.4631000000000007       0.0705591000000000      13.4997000000000007       0.0000000000000000
 2457526.5000200001522899      10.1992999999999991      10.2998999999999992     -15.2067999999999994       0.0000000000000000
 2457527.5000200001522899      10.6388999999999996      -0.9816020000000000      -1.8781200000000000       0.0000000000000000
 2457528.5000200001522899      10.4631000000000007      -0.0041505400000000      12.9595000000000002       0.0000000000000000
 2457529.5000200001522899      10.6388999999999996      -0.0311290000000000      -0.2054520000000000       0.0000000000000000
 2457530.5000200001522899      10.4631000000000007      -0.2780860000000000     -11.2132000000000005       0.0000000000000000
 2457531.5000200001522899      10.3751999999999995      -0.5229680000000000      15.7951999999999995       0.0000000000000000
 2457532.5000200001522899      10.4631000000000007     -10.5475999999999992       6.7236300000000000       0.0000000000000000
 2457533.5000200001522899      10.6388999999999996       1.8884900000000000       3.1481800000000000       0.0000000000000000
 2457534.5000200001522899      10.3751999999999995       0.1639460000000000      14.1631999999999998       0.0000000000000000
 2457535.5000200001522899      10.3751999999999995      -0.6765380000000000     -13.3878000000000004       0.0000000000000000
 2457536.5000200001522899      10.3751999999999995       0.1514950000000000     -13.8989999999999991       0.0000000000000000
 2457537.5000200001522899      10.3751999999999995       2.1271499999999999     -14.4390999999999998       0.0000000000000000
 2457538.5000200001522899      10.3751999999999995       2.9697100000000001     -14.9541000000000004       0.0000000000000000
 2457539.5000200001522899      10.2873000000000001       3.7866200000000001     -15.4846000000000004       0.0000000000000000
 2457540.5000200001522899      10.2873000000000001       4.6322500000000000     -16.0188999999999986       0.0000000000000000
 2457541.5000200001522899      10.1113999999999997      10.4687000000000001     -16.7635000000000005       0.0000000000000000
 2457542.5000200001522899      10.1113999999999997      11.3474000000000004     -17.3170999999999999       0.0000000000000000
 2457543.5000200001522899      10.1992999999999991      -0.3797740000000000     -17.9660000000000011       0.0000000000000000
 2457544.5000200001522899      10.5510000000000002       9.2585099999999994       3.1336599999999999       0.0000000000000000
 2457545.5000200001522899      10.4631000000000007      -0.0311290000000000     -10.4544999999999995       0.0000000000000000
 2457546.5000200001522899      10.4631000000000007      -0.0311290000000000      -9.4537800000000001       0.0000000000000000
 2457547.5000200001522899      10.5510000000000002      -0.4337310000000000       6.7421899999999999       0.0000000000000000
 2457548.5000200001522899      10.1113999999999997      -0.0601828000000000     -18.8332000000000015       0.0000000000000000
 2457549.5000200001522899      10.4631000000000007      -0.2054520000000000      -9.7181999999999995       0.0000000000000000
 2457550.5000200001522899      10.5510000000000002       2.6688000000000001      -4.5703699999999996       0.0000000000000000
 2457551.5000200001522899      10.4631000000000007       0.6952150000000000      11.2599999999999998       0.0000000000000000
 2457552.5000200001522899      10.2873000000000001       0.4026020000000000      17.0587000000000018       0.0000000000000000
 2457553.5000200001522899      10.1992999999999991      -3.7494999999999998      18.5362000000000009       0.0000000000000000
 2457554.5000200001522899      10.6388999999999996       1.0521600000000000       3.5155099999999999       0.0000000000000000
 2457555.5000200001522899      10.4631000000000007       3.7494999999999998      -8.3981300000000001       0.0000000000000000
 2457556.5000200001522899      10.5510000000000002       0.3258170000000000       5.0839400000000001       0.0000000000000000
 2457557.5000200001522899      10.1992999999999991      10.2491000000000003      15.6600999999999999       0.0000000000000000
 2457558.5000200001522899      10.1113999999999997      10.3080999999999996      16.6381000000000014       0.0000000000000000
 2457559.5000200001522899      10.1113999999999997       0.2386560000000000      19.2512000000000008       0.0000000000000000
 2457560.5000200001522899      10.5510000000000002       0.2594090000000000      -6.3193799999999998       0.0000000000000000
 2457561.5000200001522899      10.4631000000000007      -1.3032699999999999     -10.6681000000000008       0.0000000000000000
 2457562.5000200001522899      10.4631000000000007      -0.3735480000000000     -10.3364999999999991       0.0000000000000000
 2457563.5000200001522899      10.3751999999999995      -0.6205050000000000     -14.1690000000000005       0.0000000000000000
 2457564.5000200001522899      10.6388999999999996      -0.2407310000000000       1.6249400000000001       0.0000000000000000
 2457565.5000200001522899      10.6388999999999996      -0.0518817000000000      -0.4295810000000000       0.0000000000000000
 2457566.5000200001522899      10.2873000000000001      -0.2013010000000000     -16.0458999999999996       0.0000000000000000
 2457567.5000200001522899      10.5510000000000002      -0.2760110000000000       3.1461100000000002       0.0000000000000000
 2457568.5000200001522899      10.2873000000000001       0.2552580000000000      15.4267000000000003       0.0000000000000000
 2457569.5000200001522899      10.5510000000000002      -0.5540970000000000       0.5561720000000000       0.0000000000000000
 2457570.5000200001522899      10.1113999999999997       0.0581075000000000      19.4802999999999997       0.0000000000000000
 2457571.5000200001522899      10.1992999999999991       0.3590220000000000      18.6113000000000000       0.0000000000000000
 2457572.5000200001522899      10.1992999999999991       0.0477312000000000      17.9604999999999997       0.0000000000000000
 2457573.5000200001522899      10.2873000000000001      -0.3216670000000000      15.2318999999999996       0.0000000000000000
 2457574.5000200001522899      10.2873000000000001       0.0311290000000000      16.0458999999999996       0.0000000000000000
 2457575.5000200001522899      10.1992999999999991      -8.1630199999999995      15.5520999999999994       0.0000000000000000
 2457576.5000200001522899      10.3751999999999995       0.0207527000000000      14.3676999999999992       0.0000000000000000
 2457577.5000200001522899      10.2873000000000001       0.2511080000000000     -15.9359999999999999       0.0000000000000000
 2457578.5000200001522899      10.2873000000000001      -0.2241290000000000     -15.0814000000000004       0.0000000000000000
 2457579.5000200001522899      10.2873000000000001       0.2511080000000000     -14.2731999999999992       0.0000000000000000
 2457580.5000200001522899      10.3751999999999995      -0.2137530000000000     -13.4224999999999994       0.0000000000000000
 2457581.5000200001522899      10.0235000000000003     -16.3535000000000004     -13.1099999999999994       0.0000000000000000
 2457582.5000200001522899      10.0235000000000003     -16.8268999999999984     -12.2881999999999998       0.0000000000000000
 2457583.5000200001522899      10.3751999999999995       8.5283099999999994      11.5467999999999993       0.0000000000000000
 2457584.5000200001522899      10.3751999999999995       8.5099999999999998      12.4984999999999999       0.0000000000000000
 2457585.5000200001522899      10.1113999999999997      -0.4835380000000000     -18.3509999999999991       0.0000000000000000
 2457586.5000200001522899      10.5510000000000002      -0.0622581000000000      -7.6269999999999998       0.0000000000000000
 2457587.5000200001522899      10.4631000000000007      -0.0684839000000000      12.3248999999999995       0.0000000000000000
 2457588.5000200001522899      10.5510000000000002      -1.5502300000000000       6.2183099999999998       0.0000000000000000
 2457589.5000200001522899      10.5510000000000002       0.2697850000000000      -5.8429399999999996       0.0000000000000000
 2457590.5000200001522899      10.5510000000000002      -0.1763980000000000      -4.9766899999999996       0.0000000000000000
 2457591.5000200001522899      10.5510000000000002       0.2760110000000000      -4.1537499999999996       0.0000000000000000
 2457592.5000200001522899      10.5510000000000002      -0.1680970000000000      -3.2830800000000000       0.0000000000000000
 2457593.5000200001522899      10.6388999999999996       0.2822370000000000      -2.4508899999999998       0.0000000000000000
 2457594.5000200001522899      10.6388999999999996      -0.1618710000000000      -1.5938099999999999       0.0000000000000000
 2457595.5000200001522899      10.6388999999999996       0.2863870000000000      -0.7595480000000000       0.0000000000000000
 2457596.5000200001522899      10.6388999999999996      -0.1535700000000000       0.0954624000000000       0.0000000000000000
 2457597.5000200001522899      10.6388999999999996       0.4669350000000000       4.6693699999999998       0.0000000000000000
 2457598.5000200001522899      10.5510000000000002      -0.0830108000000000      -4.9931900000000002       0.0000000000000000
 2457599.5000200001522899      10.6388999999999996       0.3009140000000000       2.6293700000000002       0.0000000000000000
 2457600.5000200001522899      10.6388999999999996      -0.1431940000000000       3.4968300000000001       0.0000000000000000
 2457601.5000200001522899      10.6388999999999996       0.3092150000000000       4.3249399999999998       0.0000000000000000
 2457602.5000200001522899      10.6388999999999996      -0.1369680000000000       5.1994400000000001       0.0000000000000000
 2457603.5000200001522899      10.5510000000000002       0.3175160000000000       6.0306199999999999       0.0000000000000000
 2457604.5000200001522899      10.5510000000000002      -0.1328170000000000       6.8948099999999997       0.0000000000000000
 2457605.5000200001522899      10.1992999999999991      -9.4204699999999999     -15.4595000000000002       0.0000000000000000
 2457606.5000200001522899      10.2873000000000001       3.5196600000000000     -16.8386999999999993       0.0000000000000000
 2457607.5000200001522899      10.5510000000000002       0.3341180000000000       9.4456399999999991       0.0000000000000000
 2457608.5000200001522899      10.5510000000000002      -0.1224410000000000      10.3101000000000003       0.0000000000000000
 2457609.5000200001522899      10.3751999999999995      10.3242999999999991      11.3596000000000004       0.0000000000000000
 2457610.5000200001522899      10.3751999999999995       9.8605800000000006      12.1975999999999996       0.0000000000000000
 2457611.5000200001522899      10.2873000000000001       0.1577200000000000     -16.7017999999999986       0.0000000000000000
 2457612.5000200001522899      10.2873000000000001      -0.1784730000000000     -16.9063000000000017       0.0000000000000000
 2457613.5000200001522899      10.1992999999999991       0.1452690000000000     -18.6332999999999984       0.0000000000000000
 2457614.5000200001522899      10.1992999999999991      -0.1867740000000000     -18.9577999999999989       0.0000000000000000
 2457615.5000200001522899      10.4631000000000007       0.5499460000000000      12.2786000000000008       0.0000000000000000
 2457616.5000200001522899      10.6388999999999996      -4.3847500000000004       2.7206800000000002       0.0000000000000000
 2457617.5000200001522899      10.6388999999999996      -0.2843120000000000       1.0646100000000001       0.0000000000000000
 2457618.5000200001522899      10.3751999999999995       0.1265910000000000      15.3129000000000008       0.0000000000000000
 2457619.5000200001522899      10.1992999999999991     -12.3483999999999998     -13.2103000000000002       0.0000000000000000
 2457620.5000200001522899      10.6388999999999996      -0.1182900000000000      -1.9569799999999999       0.0000000000000000
 2457621.5000200001522899      10.2873000000000001      -7.2825600000000001      17.0529000000000011       0.0000000000000000
 2457622.5000200001522899      10.3751999999999995      -0.2822370000000000      15.1644000000000005       0.0000000000000000
 2457623.5000200001522899      10.7269000000000005       0.4254300000000000       1.4921199999999999       0.0000000000000000
 2457624.5000200001522899      10.4631000000000007      -0.1722470000000000      13.3780999999999999       0.0000000000000000
 2457625.5000200001522899      10.6388999999999996      -0.5561720000000000      -5.9109999999999996       0.0000000000000000
 2457626.5000200001522899      10.5510000000000002       0.1431940000000000     -11.3392999999999997       0.0000000000000000
 2457627.5000200001522899      10.3751999999999995       0.1348920000000000     -16.3236999999999988       0.0000000000000000
 2457628.5000200001522899      10.2873000000000001       0.1930000000000000     -17.3943000000000012       0.0000000000000000
 2457629.5000200001522899      10.1992999999999991      -0.5935270000000000     -19.5261999999999993       0.0000000000000000
 2457630.5000200001522899      10.2873000000000001      -0.1473440000000000     -18.3198000000000008       0.0000000000000000
 2457631.5000200001522899      10.6388999999999996      -0.5457959999999999      -5.7439400000000003       0.0000000000000000
 2457632.5000200001522899      10.6388999999999996       0.0726344000000000      -6.6864999999999997       0.0000000000000000
 2457633.5000200001522899      10.7269000000000005       0.0622581000000000      -3.8134399999999999       0.0000000000000000
 2457634.5000200001522899      10.3751999999999995      10.0457000000000001     -13.3896999999999995       0.0000000000000000
 2457635.5000200001522899      10.6388999999999996       0.1328170000000000      -7.2330600000000000       0.0000000000000000
 2457636.5000200001522899      10.3751999999999995      -0.1494190000000000     -17.4387000000000008       0.0000000000000000
 2457637.5000200001522899      10.7269000000000005       0.4129790000000000       1.2991200000000001       0.0000000000000000
 2457638.5000200001522899      10.6388999999999996      -0.0477312000000000      -9.4883600000000001       0.0000000000000000
 2457639.5000200001522899      10.2873000000000001       0.4731610000000000     -19.3667000000000016       0.0000000000000000
 2457640.5000200001522899      10.7269000000000005       0.2718600000000000       3.9495600000000000       0.0000000000000000
 2457641.5000200001522899      10.6388999999999996       0.0767849000000000      10.8369000000000000       0.0000000000000000
 2457642.5000200001522899      10.5510000000000002       0.3444950000000000     -13.1775000000000002       0.0000000000000000
 2457643.5000200001522899      10.3751999999999995      -0.4358060000000000      18.3491999999999997       0.0000000000000000
 2457644.5000200001522899      10.7269000000000005      -0.2760110000000000      -0.5374949999999999       0.0000000000000000
 2457645.5000200001522899      10.3751999999999995      -0.4316560000000000      18.6607999999999983       0.0000000000000000
 2457646.5000200001522899      10.7269000000000005      -1.9237700000000000       8.4001699999999992       0.0000000000000000
 2457647.5000200001522899      10.7269000000000005       2.8929200000000002      -5.6531900000000004       0.0000000000000000
 2457648.5000200001522899      10.7269000000000005       0.1348920000000000      -1.2347800000000000       0.0000000000000000
 2457649.5000200001522899      10.8148000000000000      -0.0435806000000000       0.4420320000000000       0.0000000000000000
 2457650.5000200001522899      10.5510000000000002      -0.1411180000000000     -12.8475999999999999       0.0000000000000000
 2457651.5000200001522899      10.4631000000000007       0.0622581000000000     -15.5425000000000004       0.0000000000000000
 2457652.5000200001522899      10.3751999999999995      12.7994000000000003     -12.0952999999999999       0.0000000000000000
 2457653.5000200001522899      10.6388999999999996       0.0767849000000000     -11.1175999999999995       0.0000000000000000
 2457654.5000200001522899      10.7269000000000005      -0.0788602000000000       9.9724500000000003       0.0000000000000000
 2457655.5000200001522899      10.6388999999999996       0.3756240000000000      -9.7670100000000009       0.0000000000000000
 2457656.5000200001522899      10.6388999999999996      -0.4710860000000000     -10.3202999999999996       0.0000000000000000
 2457657.5000200001522899      10.8148000000000000       0.1141400000000000       3.0091399999999999       0.0000000000000000
 2457658.5000200001522899      10.8148000000000000      -0.0311290000000000       3.8505600000000002       0.0000000000000000
 2457659.5000200001522899      10.8148000000000000      -0.3175160000000000       0.1971510000000000       0.0000000000000000
 2457660.5000200001522899      10.3751999999999995       0.2448820000000000     -18.6424999999999983       0.0000000000000000
 2457661.5000200001522899      10.5510000000000002       0.4171290000000000     -13.5092999999999996       0.0000000000000000
 2457662.5000200001522899      10.7269000000000005      -0.1473440000000000       9.9521099999999993       0.0000000000000000
 2457663.5000200001522899      10.6388999999999996      -5.3376299999999999      12.3325999999999993       0.0000000000000000
 2457664.5000200001522899      10.5510000000000002      -5.4077500000000001      13.2989999999999995       0.0000000000000000
 2457665.5000200001522899      10.4631000000000007      -0.7387960000000000      18.7910000000000004       0.0000000000000000
 2457666.5000200001522899      10.5510000000000002       0.1535700000000000     -14.8325999999999993       0.0000000000000000
 2457667.5000200001522899      10.5510000000000002       0.1494190000000000     -16.2600000000000016       0.0000000000000000
 2457668.5000200001522899      10.8148000000000000      -0.5706990000000000      -3.4843799999999998       0.0000000000000000
 2457669.5000200001522899      10.6388999999999996       0.4109030000000000     -13.1311999999999998       0.0000000000000000
 2457670.5000200001522899      10.7269000000000005      -0.1535700000000000      -8.4469499999999993       0.0000000000000000
 2457671.5000200001522899      10.8148000000000000       0.2573330000000000      -1.1683800000000000       0.0000000000000000
 2457672.5000200001522899      10.3751999999999995      -0.1556450000000000     -19.5683000000000007       0.0000000000000000
 2457673.5000200001522899      10.8148000000000000      -0.4005270000000000       8.4652499999999993       0.0000000000000000
 2457674.5000200001522899      10.7269000000000005      -8.0186200000000003       4.6322500000000000       0.0000000000000000
 2457675.5000200001522899      10.7269000000000005       0.4295810000000000      -9.0652799999999996       0.0000000000000000
 2457676.5000200001522899      10.7269000000000005      -0.0166022000000000     -10.2510999999999992       0.0000000000000000
 2457677.5000200001522899      10.9026999999999994       0.4233550000000000      -0.3714730000000000       0.0000000000000000
 2457678.5000200001522899      10.5510000000000002       0.4295810000000000     -16.1924999999999990       0.0000000000000000
 2457679.5000200001522899      10.7269000000000005      -0.3714730000000000      12.1801999999999992       0.0000000000000000
 2457680.5000200001522899      10.8148000000000000      -0.4793870000000000      -6.0636200000000002       0.0000000000000000
 2457681.5000200001522899      10.8148000000000000      -0.1867740000000000       6.8535599999999999       0.0000000000000000
 2457682.5000200001522899      10.7269000000000005       0.5229680000000000     -10.4321000000000002       0.0000000000000000
 2457683.5000200001522899      10.9026999999999994       0.2345050000000000      -1.4298599999999999       0.0000000000000000
 2457684.5000200001522899      10.9026999999999994      -0.2946880000000000      -3.8526199999999999       0.0000000000000000
 2457685.5000200001522899      10.9026999999999994       0.4378820000000000      -4.3455599999999999       0.0000000000000000
 2457686.5000200001522899      10.7269000000000005      -0.1265910000000000     -11.9738000000000007       0.0000000000000000
 2457687.5000200001522899      10.7269000000000005      11.5183000000000000      -4.8013700000000004       0.0000000000000000
 2457688.5000200001522899      10.6388999999999996       0.6910650000000000      16.4510000000000005       0.0000000000000000
 2457689.5000200001522899      10.5510000000000002       0.1390430000000000     -17.0683000000000007       0.0000000000000000
 2457690.5000200001522899      10.9026999999999994       0.5686240000000000       0.4254300000000000       0.0000000000000000
 2457691.5000200001522899      10.4631000000000007      -0.3756240000000000     -18.8404999999999987       0.0000000000000000
 2457692.5000200001522899      10.9026999999999994       0.5727740000000000       0.3237420000000000       0.0000000000000000
 2457693.5000200001522899      10.5510000000000002      -0.2905380000000000      18.1052999999999997       0.0000000000000000
 2457694.5000200001522899      10.9026999999999994      -0.5976770000000000       0.0581075000000000       0.0000000000000000
 2457695.5000200001522899      10.9026999999999994      -0.0290538000000000       1.2513900000000000       0.0000000000000000
 2457696.5000200001522899      10.6388999999999996      -0.0186774000000000      16.0381999999999998       0.0000000000000000
 2457697.5000200001522899      10.5510000000000002      -8.6663999999999994      15.1739999999999995       0.0000000000000000
 2457698.5000200001522899      10.8148000000000000       0.5105160000000000      -7.6826900000000000       0.0000000000000000
 2457699.5000200001522899      10.8148000000000000      -5.4840600000000004       4.7498100000000001       0.0000000000000000
 2457700.5000200001522899      10.9026999999999994      -3.4677699999999998       5.0612500000000002       0.0000000000000000
 2457701.5000200001522899      10.8148000000000000       0.0767849000000000      12.3673000000000002       0.0000000000000000
 2457702.5000200001522899      10.6388999999999996       1.5170200000000000     -16.5686999999999998       0.0000000000000000
 2457703.5000200001522899      10.5510000000000002      -3.5258799999999999      19.3739999999999988       0.0000000000000000
 2457704.5000200001522899      10.9026999999999994       0.5188170000000000      -3.9000599999999999       0.0000000000000000
 2457705.5000200001522899      10.8148000000000000      -0.0788602000000000     -11.6402999999999999       0.0000000000000000
 2457706.5000200001522899      10.9026999999999994      -0.4088280000000000      -7.9648899999999996       0.0000000000000000
 2457707.5000200001522899      10.9026999999999994      -0.0415054000000000       6.6040000000000001       0.0000000000000000
 2457708.5000200001522899      10.8148000000000000      -0.2303550000000000     -10.9873999999999992       0.0000000000000000
 2457709.5000200001522899      10.7269000000000005       2.2516699999999998     -14.4100999999999999       0.0000000000000000
 2457710.5000200001522899      10.7269000000000005      13.3394999999999992       8.1479499999999998       0.0000000000000000
 2457711.5000200001522899      10.9026999999999994       1.4983400000000000       2.9261300000000001       0.0000000000000000
 2457712.5000200001522899      10.9026999999999994      -0.4980650000000000       6.6864999999999997       0.0000000000000000
 2457713.5000200001522899      10.7269000000000005      -0.0684839000000000     -14.1324000000000005       0.0000000000000000
 2457714.5000200001522899      10.9026999999999994      -0.5831510000000000      -0.4212800000000000       0.0000000000000000
 2457715.5000200001522899      10.7269000000000005     -12.8160000000000007       2.9614099999999999       0.0000000000000000
 2457716.5000200001522899      10.5510000000000002       5.1705600000000000     -19.4602000000000004       0.0000000000000000
 2457717.5000200001522899      10.9026999999999994       0.0103763000000000      -3.5632400000000000       0.0000000000000000
 2457718.5000200001522899      10.9026999999999994       1.5440000000000000      -7.9954000000000001       0.0000000000000000
 2457719.5000200001522899      10.7269000000000005       0.1245160000000000      14.8074999999999992       0.0000000000000000
 2457720.5000200001522899      10.9026999999999994      -0.5167420000000000       9.6856500000000008       0.0000000000000000
 2457721.5000200001522899      10.9026999999999994      -0.0207527000000000      -7.5651200000000003       0.0000000000000000
 2457722.5000200001522899      10.9026999999999994      -0.5478710000000000       4.3105000000000002       0.0000000000000000
 2457723.5000200001522899      10.9026999999999994      -0.0207527000000000      -9.5697200000000002       0.0000000000000000
 2457724.5000200001522899      10.6388999999999996     -13.4704999999999995      11.3413000000000004       0.0000000000000000
 2457725.5000200001522899      10.4631000000000007     -17.4113000000000007      11.5833999999999993       0.0000000000000000
 2457726.5000200001522899      10.7269000000000005       0.1784730000000000     -13.5730000000000004       0.0000000000000000
 2457727.5000200001522899      10.8148000000000000      -0.0394301000000000     -13.5594000000000001       0.0000000000000000
 2457728.5000200001522899      10.5510000000000002      -0.1390430000000000     -19.2181999999999995       0.0000000000000000
 2457729.5000200001522899      10.7269000000000005       0.0041505400000000     -15.8511000000000006       0.0000000000000000
 2457730.5000200001522899      10.9026999999999994      -0.4233550000000000      -5.1128099999999996       0.0000000000000000
 2457731.5000200001522899      10.6388999999999996      -0.0830108000000000     -17.5621000000000009       0.0000000000000000
 2457732.5000200001522899      10.8148000000000000       6.1564399999999999      11.3697999999999997       0.0000000000000000
 2457733.5000200001522899      10.6388999999999996       0.2780860000000000      17.8632999999999988       0.0000000000000000
 2457734.5000200001522899      10.9026999999999994      -2.3533499999999998       8.8883299999999998       0.0000000000000000
 2457735.5000200001522899      10.6388999999999996       0.3341180000000000      18.1127000000000002       0.0000000000000000
 2457736.5000200001522899      10.7269000000000005       0.1245160000000000     -14.3637999999999995       0.0000000000000000
 2457737.5000200001522899      10.8148000000000000       0.1369680000000000      14.0763999999999996       0.0000000000000000
 2457738.5000200001522899      10.5510000000000002      15.1181000000000001      14.3965999999999994       0.0000000000000000
 2457739.5000200001522899      10.9906000000000006       0.1701720000000000       1.0065100000000000       0.0000000000000000
 2457740.5000200001522899      10.9906000000000006       3.1046000000000000      -1.5315500000000000       0.0000000000000000
 2457741.5000200001522899      10.9906000000000006       0.1660220000000000       2.5608800000000000       0.0000000000000000
 2457742.5000200001522899      10.9026999999999994       7.7115600000000004       0.5395700000000000       0.0000000000000000
 2457743.5000200001522899      10.9026999999999994       0.2199780000000000       9.8158300000000001       0.0000000000000000
 2457744.5000200001522899      10.8148000000000000      12.9055000000000000       1.3053399999999999       0.0000000000000000
 2457745.5000200001522899      10.9026999999999994       0.0622581000000000       9.1100300000000001       0.0000000000000000
 2457746.5000200001522899      10.7269000000000005      -1.0832900000000001     -16.3217999999999996       0.0000000000000000
 2457747.5000200001522899      10.7269000000000005      -0.1099890000000000      17.1531999999999982       0.0000000000000000
 2457748.5000200001522899      10.6388999999999996      -0.6184300000000000     -17.3943000000000012       0.0000000000000000
 2457749.5000200001522899      10.9026999999999994      -0.0311290000000000      -7.7816900000000002       0.0000000000000000
 2457750.5000200001522899      10.8148000000000000      -0.8259570000000001     -13.7233999999999998       0.0000000000000000
 2457751.5000200001522899      10.5510000000000002      -6.2966899999999999     -17.9146999999999998       0.0000000000000000
 2457752.5000200001522899      10.8148000000000000      -1.0957399999999999     -11.0870999999999995       0.0000000000000000
 2457753.5000200001522899      10.8148000000000000      -0.1909250000000000     -11.5569000000000006       0.0000000000000000
