Time P3114 A5334 A5335 A5016
Sampling rate [day] =  1.00000
Retrieving method =  last
Binning mode =  all
 2459580.5000000000000000      10.3751999999999995      -3.2457199999999999      18.8294999999999995       0.0000000000000000
 2459581.5000000000000000      10.3751999999999995      -0.1182900000000000     -18.1327999999999996       0.0000000000000000
 2459582.5000000000000000      10.7269000000000005      -0.0124516000000000       1.7058700000000000       0.0000000000000000
 2459583.5000000000000000      10.3751999999999995      -0.1245160000000000     -17.9953000000000003       0.0000000000000000
 2459584.5000000000000000      10.6388999999999996       0.1514950000000000      10.6864000000000008       0.0000000000000000
 2459585.5000000000000000      10.4631000000000007      -0.1037630000000000     -15.8240999999999996       0.0000000000000000
 2459586.5000000000000000      10.5510000000000002       0.0124516000000000     -13.8468999999999998       0.0000000000000000
 2459587.5000000000000000      10.4631000000000007      -0.0975376000000000     -14.6667000000000005       0.0000000000000000
 2459588.5000000000000000      10.7269000000000005       0.0249032000000000       1.9756600000000000       0.0000000000000000
 2459589.5000000000000000      10.3751999999999995      -0.1099890000000000     -18.6920000000000002       1.0000000000000000
 2459590.5000000000000000      10.6388999999999996      -0.7470970000000000      12.1918000000000006       0.0000000000000000
 2459591.5000000000000000       0.0000000000000000     -49.9620000000000033     -49.9609999999999985       1.0000000000000000
 2459592.5000000000000000      10.4631000000000007       0.1930000000000000      16.8002000000000002       0.0000000000000000
 2459593.5000000000000000       0.0000000000000000     -49.9620000000000033     -49.9609999999999985       1.0000000000000000
 2459594.5000000000000000      10.5510000000000002       0.2863870000000000      15.2935999999999996       0.0000000000000000
 2459595.5000000000000000       0.0000000000000000     -49.9620000000000033     -49.9609999999999985       1.0000000000000000
 2459596.5000000000000000      10.3751999999999995      -0.1639460000000000     -18.2373000000000012       0.0000000000000000
 2459597.5000000000000000       0.0000000000000000     -49.9620000000000033     -49.9609999999999985       1.0000000000000000
 2459598.5000000000000000      10.7269000000000005       0.0996129000000000      -2.8472700000000000       0.0000000000000000
 2459599.5000000000000000       0.0000000000000000     -49.9620000000000033     -49.9609999999999985       1.0000000000000000
 2459600.5000000000000000      10.7269000000000005       0.0041505400000000       2.9883899999999999       0.0000000000000000
 2459601.5000000000000000       0.0000000000000000     -49.9620000000000033     -49.9609999999999985       1.0000000000000000
 2459602.5000000000000000      10.7269000000000005      -0.0747097000000000      -5.5583099999999996       0.0000000000000000
 2459603.5000000000000000       0.0000000000000000     -49.9620000000000033     -49.9609999999999985       1.0000000000000000
 2459604.5000000000000000      10.4631000000000007      -0.0705591000000000     -16.4027999999999992       0.0000000000000000
 2459605.5000000000000000       0.0000000000000000     -49.9620000000000033     -49.9609999999999985       1.0000000000000000
 2459606.5000000000000000      10.4631000000000007      -0.1556450000000000     -16.2426999999999992       0.0000000000000000
 2459607.5000000000000000      10.8148000000000000      -0.0041505400000000     -16.8793000000000006       0.0000000000000000
 2459608.5000000000000000      10.5510000000000002      -0.1494190000000000     -14.5566999999999993       0.0000000000000000
 2459609.5000000000000000      10.4631000000000007      -0.1016880000000000     -15.7527000000000008       0.0000000000000000
 2459610.5000000000000000      10.3751999999999995       0.0539570000000000     -18.3417999999999992       0.0000000000000000
 2459611.5000000000000000      10.4631000000000007      -0.0954624000000000     -14.6378000000000004       0.0000000000000000
 2459612.5000000000000000      10.7269000000000005      -0.0767849000000000      -1.5377700000000001       0.0000000000000000
 2459613.5000000000000000      10.4631000000000007      -0.0871613000000000     -13.5015999999999998       0.0000000000000000
 2459614.5000000000000000      10.3751999999999995      -0.0747097000000000     -18.4151999999999987       0.0000000000000000
 2459615.5000000000000000      10.5510000000000002      -0.0788602000000000     -12.3885000000000005       0.0000000000000000
 2459616.5000000000000000      10.3751999999999995      -0.0311290000000000      18.7965000000000018       0.0000000000000000
 2459617.5000000000000000      10.5510000000000002      -0.0726344000000000     -11.2172999999999998       0.0000000000000000
 2459618.5000000000000000      10.4631000000000007       0.1431940000000000     -15.0505999999999993       0.0000000000000000
 2459619.5000000000000000      10.5510000000000002      -0.1286670000000000     -10.0274000000000001       0.0000000000000000
 2459620.5000000000000000      10.5510000000000002       0.0518817000000000     -10.6029999999999998       0.0000000000000000
 2459621.5000000000000000      10.5510000000000002       0.2511080000000000      -9.3805499999999995       0.0000000000000000
 2459622.5000000000000000      10.5510000000000002       0.0456559000000000     -12.4077999999999999       0.0000000000000000
 2459623.5000000000000000      10.6388999999999996      -0.0498065000000000      -7.6538100000000000       0.0000000000000000
 2459624.5000000000000000      10.3751999999999995       2.6770999999999998      17.8192999999999984       0.0000000000000000
 2459625.5000000000000000      10.4631000000000007      -8.6684000000000001      12.4116999999999997       0.0000000000000000
 2459626.5000000000000000      10.7269000000000005      -0.0850860000000000       0.7387960000000000       0.0000000000000000
 2459627.5000000000000000      10.6388999999999996      -0.0373548000000000      -5.2592499999999998       0.0000000000000000
 2459628.5000000000000000      10.1992999999999991      18.9651999999999994     -11.5284999999999993       0.0000000000000000
 2459629.5000000000000000      10.6388999999999996       0.6910650000000000      -0.5686240000000000       0.0000000000000000
 2459630.5000000000000000      10.5510000000000002      -0.1556450000000000     -10.2042999999999999       0.0000000000000000
 2459631.5000000000000000      10.6388999999999996      -0.8425589999999999      -4.4858099999999999       0.0000000000000000
 2459632.5000000000000000      10.6388999999999996      -1.9735799999999999       4.0155599999999998       0.0000000000000000
 2459633.5000000000000000      10.2873000000000001      -0.3029890000000000     -18.9872000000000014       0.0000000000000000
 2459634.5000000000000000      10.2873000000000001      -0.1182900000000000     -18.1035000000000004       0.0000000000000000
 2459635.5000000000000000      10.4631000000000007       0.3216670000000000      13.9818999999999996       0.0000000000000000
 2459636.5000000000000000      10.5510000000000002       0.0913118000000000      11.0891000000000002       0.0000000000000000
 2459637.5000000000000000      10.5510000000000002       0.2843120000000000      12.8668999999999993       0.0000000000000000
 2459638.5000000000000000      10.5510000000000002       0.1141400000000000      13.0077999999999996       0.0000000000000000
 2459639.5000000000000000      10.4631000000000007       0.2718600000000000      13.8102000000000000       0.0000000000000000
 2459640.5000000000000000      10.2873000000000001      -0.2116770000000000     -17.9825000000000017       0.0000000000000000
 2459641.5000000000000000      10.5510000000000002       0.2635590000000000      10.1270000000000007       0.0000000000000000
 2459642.5000000000000000      10.5510000000000002       0.0933871000000000       9.1100300000000001       0.0000000000000000
 2459643.5000000000000000      10.5510000000000002      -0.6661610000000000      -8.3818599999999996       0.0000000000000000
 2459644.5000000000000000      10.4631000000000007      -0.0456559000000000      15.8819999999999997       0.0000000000000000
 2459645.5000000000000000      10.2873000000000001      -0.0186774000000000     -18.5893000000000015       0.0000000000000000
 2459646.5000000000000000      10.1992999999999991       0.1514950000000000     -19.3207999999999984       0.0000000000000000
 2459647.5000000000000000      10.3751999999999995       0.8301080000000000      16.3546000000000014       0.0000000000000000
 2459648.5000000000000000      10.3751999999999995       0.2158280000000000      16.9429000000000016       0.0000000000000000
 2459649.5000000000000000      10.6388999999999996       0.0124516000000000      -2.2911000000000001       0.0000000000000000
 2459650.5000000000000000      10.2873000000000001       7.2516299999999996      18.2354999999999983       0.0000000000000000
 2459651.5000000000000000      10.6388999999999996       0.1452690000000000      -0.8695380000000000       0.0000000000000000
 2459652.5000000000000000      10.6388999999999996      -0.0684839000000000       0.1265910000000000       0.0000000000000000
 2459653.5000000000000000      10.2873000000000001      -0.3444950000000000     -16.2561999999999998       0.0000000000000000
 2459654.5000000000000000      10.4631000000000007       9.0551100000000009      -7.0742500000000001       0.0000000000000000
 2459655.5000000000000000      10.6388999999999996       0.1037630000000000      -0.3092150000000000       0.0000000000000000
 2459656.5000000000000000      10.4631000000000007      -0.3320430000000000      13.0868000000000002       0.0000000000000000
 2459657.5000000000000000      10.5510000000000002       0.1639460000000000      -5.2901899999999999       0.0000000000000000
 2459658.5000000000000000      10.5510000000000002       3.5466299999999999      -5.2056300000000002       0.0000000000000000
 2459659.5000000000000000      10.4631000000000007      -0.0083010800000000     -12.8071000000000002       0.0000000000000000
 2459660.5000000000000000      10.5510000000000002      -0.0352796000000000      -6.9711299999999996       0.0000000000000000
 2459661.5000000000000000      10.5510000000000002      -0.5291940000000001       4.7333100000000004       0.0000000000000000
 2459662.5000000000000000      10.1992999999999991       0.2282800000000000     -18.1273000000000017       0.0000000000000000
 2459663.5000000000000000      10.5510000000000002       0.1846990000000000      -8.0116700000000005       0.0000000000000000
 2459664.5000000000000000      10.3751999999999995       0.2573330000000000     -15.2164999999999999       0.0000000000000000
 2459665.5000000000000000      10.1992999999999991      -0.3175160000000000     -18.5306999999999995       0.0000000000000000
 2459666.5000000000000000      10.3751999999999995     -10.8904999999999994       3.4677699999999998       0.0000000000000000
 2459667.5000000000000000      10.2873000000000001       0.1162150000000000     -15.3263999999999996       0.0000000000000000
 2459668.5000000000000000      10.1992999999999991       3.9928800000000000     -17.5234999999999985       0.0000000000000000
 2459669.5000000000000000      10.1992999999999991       0.1162150000000000     -17.0529000000000011       0.0000000000000000
 2459670.5000000000000000      10.1992999999999991      -0.1265910000000000     -18.2226999999999997       0.0000000000000000
 2459671.5000000000000000      10.5510000000000002      -0.8301080000000000      -1.4381600000000001       0.0000000000000000
 2459672.5000000000000000      10.5510000000000002       0.2345050000000000       5.6923800000000000       0.0000000000000000
 2459673.5000000000000000      10.4631000000000007      -0.3527960000000000      -8.4530499999999993       0.0000000000000000
 2459674.5000000000000000      10.5510000000000002       0.2158280000000000       3.3100499999999999       0.0000000000000000
 2459675.5000000000000000      10.4631000000000007      -0.5665480000000001      -7.5032500000000004       0.0000000000000000
 2459676.5000000000000000      10.4631000000000007      -0.2386560000000000      10.6559000000000008       0.0000000000000000
 2459677.5000000000000000      10.1992999999999991       0.4046770000000000      18.0302000000000007       0.0000000000000000
 2459678.5000000000000000      10.1992999999999991      -0.1950750000000000      18.4005000000000010       0.0000000000000000
 2459679.5000000000000000      10.1992999999999991      -0.1390430000000000     -16.3525999999999989       0.0000000000000000
 2459680.5000000000000000      10.3751999999999995      -0.3735480000000000     -11.1358999999999995       0.0000000000000000
 2459681.5000000000000000      10.5510000000000002      -1.6187100000000001       3.8175599999999998       0.0000000000000000
 2459682.5000000000000000      10.5510000000000002      -2.6231399999999998       3.7494999999999998       0.0000000000000000
 2459683.5000000000000000      10.4631000000000007      -5.0199999999999996       1.4215599999999999       0.0000000000000000
 2459684.5000000000000000      10.4631000000000007      -5.9811199999999998       1.1268700000000000       0.0000000000000000
 2459685.5000000000000000      10.4631000000000007       0.5208930000000001       7.5259400000000003       0.0000000000000000
 2459686.5000000000000000      10.4631000000000007      -0.2448820000000000       6.8370600000000001       0.0000000000000000
 2459687.5000000000000000      10.3751999999999995       0.5354190000000000     -10.4504000000000001       0.0000000000000000
 2459688.5000000000000000      10.5510000000000002       0.1680970000000000       0.2116770000000000       0.0000000000000000
 2459689.5000000000000000      10.1113999999999997      -0.6993660000000000     -19.0422000000000011       0.0000000000000000
 2459690.5000000000000000      10.1113999999999997       0.3216670000000000     -18.7836999999999996       0.0000000000000000
 2459691.5000000000000000      10.4631000000000007       0.6557850000000000       8.9513800000000003       0.0000000000000000
 2459692.5000000000000000      10.1992999999999991       0.2469570000000000     -16.4606999999999992       0.0000000000000000
 2459693.5000000000000000      10.1992999999999991       0.0207527000000000     -14.7457999999999991       0.0000000000000000
 2459694.5000000000000000      10.1992999999999991      -6.2822500000000003      15.4093999999999998       0.0000000000000000
 2459695.5000000000000000      10.3751999999999995      -0.4441080000000000     -11.3434000000000008       0.0000000000000000
 2459696.5000000000000000      10.3751999999999995       0.2531830000000000      12.3614999999999995       0.0000000000000000
 2459697.5000000000000000      10.4631000000000007      -0.4980650000000000      -1.0936699999999999       0.0000000000000000
 2459698.5000000000000000      10.3751999999999995      -0.1556450000000000      -9.3520800000000008       0.0000000000000000
 2459699.5000000000000000      10.4631000000000007       0.6225810000000001      -4.3166900000000004       0.0000000000000000
 2459700.5000000000000000      10.1992999999999991       0.1826240000000000      16.1982999999999997       0.0000000000000000
 2459701.5000000000000000      10.4631000000000007       0.6371080000000000       4.7704399999999998       0.0000000000000000
 2459702.5000000000000000      10.1113999999999997       1.2078100000000001      17.2167999999999992       0.0000000000000000
 2459703.5000000000000000      10.1992999999999991      -0.3984520000000000     -14.8363999999999994       0.0000000000000000
 2459704.5000000000000000      10.0235000000000003       0.0954624000000000     -19.3685000000000009       0.0000000000000000
 2459705.5000000000000000      10.3751999999999995       0.4254300000000000      -6.4431200000000004       0.0000000000000000
 2459706.5000000000000000      10.1992999999999991      -5.0282499999999999      15.3842999999999996       0.0000000000000000
 2459707.5000000000000000      10.0235000000000003      -0.5374949999999999     -19.3502000000000010       0.0000000000000000
 2459708.5000000000000000      10.4631000000000007       0.4316560000000000       3.9887500000000000       0.0000000000000000
 2459709.5000000000000000      10.2873000000000001      -0.2843120000000000      13.7659000000000002       0.0000000000000000
 2459710.5000000000000000      10.1992999999999991      -0.3154410000000000     -12.9749999999999996       0.0000000000000000
 2459711.5000000000000000      10.1992999999999991      -0.2801610000000000      15.3437999999999999       0.0000000000000000
 2459712.5000000000000000      10.1992999999999991       0.3258170000000000     -15.1219000000000001       0.0000000000000000
 2459713.5000000000000000      10.3751999999999995      -3.2830800000000000      -6.5070600000000001       0.0000000000000000
 2459714.5000000000000000      10.2873000000000001       0.0477312000000000      12.8496000000000006       0.0000000000000000
 2459715.5000000000000000      10.1992999999999991       1.1538500000000000      15.3148000000000000       0.0000000000000000
 2459716.5000000000000000      10.1992999999999991       0.5146670000000000      14.6029999999999998       0.0000000000000000
 2459717.5000000000000000      10.1992999999999991      -0.2552580000000000      13.9529999999999994       0.0000000000000000
 2459718.5000000000000000      10.1992999999999991      -0.8840640000000000      13.2661999999999995       0.0000000000000000
 2459719.5000000000000000      10.3751999999999995       0.3195910000000000      -4.0279400000000001       0.0000000000000000
 2459720.5000000000000000      10.2873000000000001      -0.3195910000000000      -9.1283399999999997       0.0000000000000000
 2459721.5000000000000000       9.9355899999999995      -7.1959400000000002      18.4555000000000007       0.0000000000000000
 2459722.5000000000000000      10.3751999999999995      -3.8196200000000000      -0.5354190000000000       0.0000000000000000
 2459723.5000000000000000       9.8476700000000008      -9.3603000000000005     -18.9597000000000016       0.0000000000000000
 2459724.5000000000000000      10.1992999999999991      -0.0622581000000000     -14.2866999999999997       0.0000000000000000
 2459725.5000000000000000      10.2873000000000001       0.0041505400000000      -9.3337699999999995       0.0000000000000000
 2459726.5000000000000000      10.2873000000000001      -0.3673230000000000      -8.4245699999999992       0.0000000000000000
 2459727.5000000000000000      10.2873000000000001      -0.0373548000000000      10.6172000000000004       0.0000000000000000
 2459728.5000000000000000      10.1113999999999997       0.3382690000000000     -14.2963000000000005       0.0000000000000000
 2459729.5000000000000000      10.3751999999999995      -0.3776990000000000      -5.8841900000000003       0.0000000000000000
 2459730.5000000000000000      10.2873000000000001       0.0726344000000000      11.4795999999999996       0.0000000000000000
 2459731.5000000000000000      10.3751999999999995       0.2614840000000000       5.3933099999999996       0.0000000000000000
 2459732.5000000000000000      10.3751999999999995      -0.1328170000000000       4.4775600000000004       0.0000000000000000
 2459733.5000000000000000      10.1113999999999997       0.2241290000000000      15.9147999999999996       0.0000000000000000
 2459734.5000000000000000      10.2873000000000001       0.2822370000000000      11.0565999999999995       0.0000000000000000
 2459735.5000000000000000      10.1113999999999997       0.2054520000000000     -13.9800000000000004       0.0000000000000000
 2459736.5000000000000000      10.3751999999999995       0.5603230000000000       4.3166900000000004       0.0000000000000000
 2459737.5000000000000000      10.1113999999999997       0.3735480000000000      15.9977000000000000       0.0000000000000000
 2459738.5000000000000000      10.2873000000000001       0.5146670000000000      10.0884000000000000       0.0000000000000000
 2459739.5000000000000000      10.0235000000000003     -11.1151000000000000     -11.5284999999999993       0.0000000000000000
 2459740.5000000000000000      10.2873000000000001       0.5105160000000000       9.0429099999999991       0.0000000000000000
 2459741.5000000000000000      10.2873000000000001      -0.3278920000000000      10.6700999999999997       0.0000000000000000
 2459742.5000000000000000      10.2873000000000001       0.1079140000000000      -8.0157399999999992       0.0000000000000000
 2459743.5000000000000000      10.3751999999999995      -0.6350320000000000      -3.0942300000000000       0.0000000000000000
 2459744.5000000000000000      10.3751999999999995      -0.1577200000000000      -2.2516699999999998       0.0000000000000000
 2459745.5000000000000000      10.0235000000000003       0.1431940000000000      17.4945999999999984       0.0000000000000000
 2459746.5000000000000000      10.1113999999999997       0.2843120000000000      15.9746000000000006       0.0000000000000000
 2459747.5000000000000000      10.3751999999999995      -0.2718600000000000      -4.9210000000000003       0.0000000000000000
 2459748.5000000000000000      10.3751999999999995       0.2448820000000000      -4.1083800000000004       0.0000000000000000
 2459749.5000000000000000      10.3751999999999995      -0.2594090000000000      -3.2934500000000000       0.0000000000000000
 2459750.5000000000000000      10.3751999999999995       0.2552580000000000      -2.4758000000000000       0.0000000000000000
 2459751.5000000000000000      10.2873000000000001       1.3178000000000001       7.3423699999999998       0.0000000000000000
 2459752.5000000000000000      10.1992999999999991       0.3776990000000000      13.5381999999999998       0.0000000000000000
 2459753.5000000000000000      10.1992999999999991       0.0020752700000000     -11.6158999999999999       0.0000000000000000
 2459754.5000000000000000      10.1992999999999991      -0.1037630000000000     -10.6437000000000008       0.0000000000000000
 2459755.5000000000000000      10.3751999999999995      -0.1120650000000000       1.8449100000000000       0.0000000000000000
 2459756.5000000000000000       9.9355899999999995       0.0435806000000000     -18.4224999999999994       0.0000000000000000
 2459757.5000000000000000      10.2873000000000001      -0.3009140000000000       9.0957899999999992       0.0000000000000000
 2459758.5000000000000000      10.1992999999999991       0.3112900000000000      12.8707999999999991       0.0000000000000000
 2459759.5000000000000000      10.2873000000000001       0.4088280000000000      -8.4388100000000001       0.0000000000000000
 2459760.5000000000000000      10.1113999999999997       0.2511080000000000     -14.0919000000000008       0.0000000000000000
 2459761.5000000000000000       9.9355899999999995      -0.4441080000000000     -17.7698000000000000       0.0000000000000000
 2459762.5000000000000000       9.9355899999999995       0.4295810000000000     -17.3499000000000017       0.0000000000000000
 2459763.5000000000000000      10.2873000000000001       3.1979899999999999      -8.8374799999999993       0.0000000000000000
 2459764.5000000000000000      10.1113999999999997       0.3880750000000000      15.3322000000000003       0.0000000000000000
 2459765.5000000000000000       9.9355899999999995       0.2428060000000000     -18.2007000000000012       0.0000000000000000
 2459766.5000000000000000       9.9355899999999995      -0.4316560000000000     -17.4347999999999992       0.0000000000000000
 2459767.5000000000000000      10.1992999999999991       0.2573330000000000     -10.2774999999999999       0.0000000000000000
 2459768.5000000000000000      10.1113999999999997       0.4088280000000000     -14.2674000000000003       0.0000000000000000
 2459769.5000000000000000      10.2873000000000001       0.0041505400000000      -5.3582500000000000       0.0000000000000000
 2459770.5000000000000000      10.2873000000000001      -0.0145269000000000      -6.3358800000000004       0.0000000000000000
 2459771.5000000000000000       9.8476700000000008       0.1099890000000000     -19.0934999999999988       0.0000000000000000
 2459772.5000000000000000      10.1113999999999997       0.3237420000000000      14.6378000000000004       0.0000000000000000
 2459773.5000000000000000      10.3751999999999995      -0.2573330000000000      -4.1207500000000001       0.0000000000000000
 2459774.5000000000000000      10.3751999999999995       0.3050650000000000      -3.3328799999999998       0.0000000000000000
 2459775.5000000000000000      10.0235000000000003       0.0020752700000000     -16.5570999999999984       0.0000000000000000
 2459776.5000000000000000       9.8476700000000008       0.4959890000000000     -19.2878000000000007       0.0000000000000000
 2459777.5000000000000000      10.3751999999999995       0.3112900000000000       5.6985599999999996       0.0000000000000000
 2459778.5000000000000000       9.9355899999999995       0.5001400000000000     -18.9322000000000017       0.0000000000000000
 2459779.5000000000000000      10.1992999999999991       0.0581075000000000     -10.9671000000000003       0.0000000000000000
 2459780.5000000000000000      10.1992999999999991      -0.1971510000000000     -10.0252999999999997       0.0000000000000000
 2459781.5000000000000000      10.3751999999999995      -0.0456559000000000       1.4879700000000000       0.0000000000000000
 2459782.5000000000000000      10.3751999999999995      -0.5665480000000001       0.6931400000000000       0.0000000000000000
 2459783.5000000000000000      10.3751999999999995      -0.2033760000000000       3.6234199999999999       0.0000000000000000
 2459784.5000000000000000      10.3751999999999995       0.3590220000000000       4.3806200000000004       0.0000000000000000
 2459785.5000000000000000      10.3751999999999995       6.7195000000000000       0.5644730000000000       0.0000000000000000
 2459786.5000000000000000      10.3751999999999995       0.6101290000000000      -4.5084999999999997       0.0000000000000000
 2459787.5000000000000000      10.2873000000000001      -0.0435806000000000      10.1717999999999993       0.0000000000000000
 2459788.5000000000000000      10.3751999999999995       0.0726344000000000      -2.0420600000000002       0.0000000000000000
 2459789.5000000000000000      10.2873000000000001      -0.3237420000000000      -9.5941200000000002       0.0000000000000000
 2459790.5000000000000000      10.3751999999999995       0.5416450000000000       2.1271499999999999       0.0000000000000000
 2459791.5000000000000000      10.0235000000000003       0.3299680000000000      17.4522000000000013       0.0000000000000000
 2459792.5000000000000000      10.3751999999999995       0.6184300000000000      -5.2448100000000002       0.0000000000000000
 2459793.5000000000000000      10.2873000000000001      -0.1577200000000000      11.3901000000000003       0.0000000000000000
 2459794.5000000000000000      10.3751999999999995       0.3569460000000000       1.7992600000000001       0.0000000000000000
 2459795.5000000000000000      10.1113999999999997       0.2905380000000000      16.3276000000000003       0.0000000000000000
 2459796.5000000000000000      10.1992999999999991       0.4586340000000000     -12.7840000000000007       0.0000000000000000
 2459797.5000000000000000      10.2873000000000001       0.1763980000000000       9.6266700000000007       0.0000000000000000
 2459798.5000000000000000      10.3751999999999995       0.5333440000000000      -2.7227500000000000       0.0000000000000000
 2459799.5000000000000000      10.3751999999999995       0.1411180000000000       7.4785000000000004       0.0000000000000000
 2459800.5000000000000000      10.2873000000000001      -0.1058390000000000       8.4022000000000006       0.0000000000000000
 2459801.5000000000000000      10.0235000000000003      -0.1245160000000000      17.4656999999999982       0.0000000000000000
 2459802.5000000000000000      10.3751999999999995       0.5291940000000001      -5.1458100000000000       0.0000000000000000
 2459803.5000000000000000      10.2873000000000001      -0.0415054000000000      -8.6991599999999991       0.0000000000000000
 2459804.5000000000000000      10.3751999999999995      -0.2282800000000000       7.8896300000000004       0.0000000000000000
 2459805.5000000000000000      10.3751999999999995       0.0020752700000000      -2.7933100000000000       0.0000000000000000
 2459806.5000000000000000      10.2873000000000001       0.5312690000000000      -7.5713100000000004       0.0000000000000000
 2459807.5000000000000000      10.2873000000000001       0.2780860000000000      12.8630999999999993       0.0000000000000000
 2459808.5000000000000000      10.2873000000000001       0.5312690000000000      -8.7845899999999997       0.0000000000000000
 2459809.5000000000000000      10.2873000000000001      -0.2137530000000000      11.1358999999999995       0.0000000000000000
 2459810.5000000000000000      10.3751999999999995      -0.2718600000000000      -3.2374200000000002       0.0000000000000000
 2459811.5000000000000000      10.2873000000000001      -0.0996129000000000      10.5663999999999998       0.0000000000000000
 2459812.5000000000000000      10.1992999999999991       0.2220540000000000     -13.1562999999999999       0.0000000000000000
 2459813.5000000000000000      10.3751999999999995       0.3009140000000000       7.2413100000000004       0.0000000000000000
 2459814.5000000000000000      10.3751999999999995      -0.2594090000000000      -6.7050599999999996       0.0000000000000000
 2459815.5000000000000000      10.1992999999999991      -0.0415054000000000     -12.9614999999999991       0.0000000000000000
 2459816.5000000000000000      10.1992999999999991      -0.0601828000000000     -13.9009000000000000       0.0000000000000000
 2459817.5000000000000000      10.3751999999999995      -0.1348920000000000       8.0747300000000006       0.0000000000000000
 2459818.5000000000000000      10.4631000000000007       0.6786130000000000       3.1378100000000000       0.0000000000000000
 2459819.5000000000000000      10.3751999999999995       0.2635590000000000      -6.5276899999999998       0.0000000000000000
 2459820.5000000000000000      10.3751999999999995       0.4109030000000000       7.5609999999999999       0.0000000000000000
 2459821.5000000000000000      10.1113999999999997       0.1660220000000000      16.6767000000000003       0.0000000000000000
 2459822.5000000000000000      10.1113999999999997       0.7014410000000000      17.0991999999999997       0.0000000000000000
 2459823.5000000000000000      10.2873000000000001       2.8950000000000000     -12.5814000000000004       0.0000000000000000
 2459824.5000000000000000      10.2873000000000001       2.6625700000000001     -11.6424000000000003       0.0000000000000000
 2459825.5000000000000000      10.2873000000000001      -0.1245160000000000      14.4216999999999995       0.0000000000000000
 2459826.5000000000000000      10.1992999999999991      -0.2926130000000000     -15.0215999999999994       0.0000000000000000
 2459827.5000000000000000      10.3751999999999995       1.9258500000000001      -8.8069699999999997       0.0000000000000000
 2459828.5000000000000000      10.3751999999999995       1.7017199999999999      -7.8611599999999999       0.0000000000000000
 2459829.5000000000000000      10.2873000000000001       0.2158280000000000      13.1427999999999994       0.0000000000000000
 2459830.5000000000000000      10.1992999999999991       0.6308820000000001     -14.0320999999999998       0.0000000000000000
 2459831.5000000000000000      10.1992999999999991       0.0041505400000000     -14.4505999999999997       0.0000000000000000
 2459832.5000000000000000      10.2873000000000001      -0.2199780000000000     -13.5112000000000005       0.0000000000000000
 2459833.5000000000000000      10.1992999999999991       0.2324300000000000      17.0548000000000002       0.0000000000000000
 2459834.5000000000000000      10.4631000000000007       0.6080540000000000      -6.2430599999999998       0.0000000000000000
 2459835.5000000000000000      10.4631000000000007      -0.0103763000000000      -4.9663700000000004       0.0000000000000000
 2459836.5000000000000000      10.3751999999999995      -0.7636990000000000      -9.1263000000000005       0.0000000000000000
 2459837.5000000000000000      10.1992999999999991       0.0705591000000000     -15.7333999999999996       0.0000000000000000
 2459838.5000000000000000      10.1992999999999991      -0.3341180000000000     -16.6323000000000008       0.0000000000000000
 2459839.5000000000000000      10.4631000000000007      -0.0705591000000000      -7.6600000000000001       0.0000000000000000
 2459840.5000000000000000      10.4631000000000007       1.9652799999999999      -3.2726999999999999       0.0000000000000000
 2459841.5000000000000000      10.4631000000000007       0.1950750000000000       3.6109700000000000       0.0000000000000000
 2459842.5000000000000000      10.4631000000000007      -0.3984520000000000       4.3744399999999999       0.0000000000000000
 2459843.5000000000000000      10.2873000000000001       0.1722470000000000      15.3399000000000001       0.0000000000000000
 2459844.5000000000000000      10.5510000000000002      -0.0352796000000000       1.3530800000000001       0.0000000000000000
 2459845.5000000000000000      10.5510000000000002       0.0332043000000000       4.0258799999999999       0.0000000000000000
 2459846.5000000000000000      10.3751999999999995      -0.2220540000000000      -9.6978600000000004       0.0000000000000000
 2459847.5000000000000000      10.1113999999999997      -0.2739350000000000     -19.1539999999999999       0.0000000000000000
 2459848.5000000000000000      10.4631000000000007      -0.0435806000000000       8.0726899999999997       0.0000000000000000
 2459849.5000000000000000      10.2873000000000001       0.0850860000000000      16.0498000000000012       0.0000000000000000
 2459850.5000000000000000      10.4631000000000007       6.9546299999999999       6.4059999999999997       0.0000000000000000
 2459851.5000000000000000      10.3751999999999995       0.1245160000000000      13.1639999999999997       0.0000000000000000
 2459852.5000000000000000      10.1992999999999991      -0.2635590000000000     -17.4559999999999995       0.0000000000000000
 2459853.5000000000000000      10.5510000000000002       0.1348920000000000      -3.7123699999999999       0.0000000000000000
 2459854.5000000000000000      10.4631000000000007       4.8900600000000001      -6.4183800000000000       0.0000000000000000
 2459855.5000000000000000      10.2873000000000001       0.1058390000000000      15.7623999999999995       0.0000000000000000
 2459856.5000000000000000      10.3751999999999995      10.4830000000000005       5.6511199999999997       0.0000000000000000
 2459857.5000000000000000      10.2873000000000001     -11.8087999999999997      -6.3255600000000003       0.0000000000000000
 2459858.5000000000000000      10.2873000000000001       6.9195599999999997     -12.5930000000000000       0.0000000000000000
 2459859.5000000000000000      10.3751999999999995       2.6833200000000001      14.3020999999999994       0.0000000000000000
 2459860.5000000000000000      10.1992999999999991      -0.3092150000000000     -17.8028000000000013       0.0000000000000000
 2459861.5000000000000000      10.4631000000000007       0.0477312000000000      11.8193000000000001       0.0000000000000000
 2459862.5000000000000000      10.3751999999999995       5.4675599999999998     -11.1888000000000005       0.0000000000000000
 2459863.5000000000000000      10.5510000000000002      -0.1494190000000000      -3.7783699999999998       0.0000000000000000
 2459864.5000000000000000      10.3751999999999995      -0.7429460000000000     -12.3094999999999999       0.0000000000000000
 2459865.5000000000000000      10.4631000000000007       0.0166022000000000      10.7108000000000008       0.0000000000000000
 2459866.5000000000000000      10.3751999999999995      -0.2697850000000000     -12.9903999999999993       0.0000000000000000
 2459867.5000000000000000      10.5510000000000002      -0.1577200000000000      -6.1811900000000000       0.0000000000000000
 2459868.5000000000000000      10.3751999999999995      -0.2303550000000000     -13.6153999999999993       0.0000000000000000
 2459869.5000000000000000      10.1992999999999991       0.2199780000000000      19.0972000000000008       0.0000000000000000
 2459870.5000000000000000      10.3751999999999995      -0.9650000000000000     -13.7021999999999995       0.0000000000000000
 2459871.5000000000000000      10.5510000000000002       0.1494190000000000      -3.4345699999999999       0.0000000000000000
 2459872.5000000000000000      10.5510000000000002      -0.8259570000000001      -3.3889100000000001       0.0000000000000000
 2459873.5000000000000000      10.5510000000000002       0.1224410000000000      -5.3726900000000004       0.0000000000000000
 2459874.5000000000000000      10.3751999999999995      -0.2179030000000000     -15.3862000000000005       0.0000000000000000
 2459875.5000000000000000      10.5510000000000002      -0.0186774000000000      -7.7858099999999997       0.0000000000000000
 2459876.5000000000000000      10.3751999999999995       1.9382999999999999     -15.3939000000000004       0.0000000000000000
 2459877.5000000000000000      10.3751999999999995      12.1513000000000009       9.6165000000000003       0.0000000000000000
 2459878.5000000000000000      10.2873000000000001      -0.2594090000000000     -16.5147000000000013       0.0000000000000000
 2459879.5000000000000000      10.2873000000000001      -0.0435806000000000      19.2016999999999989       0.0000000000000000
 2459880.5000000000000000      10.2873000000000001      -0.2116770000000000     -17.0354999999999990       0.0000000000000000
 2459881.5000000000000000      10.6388999999999996       0.0664086000000000       2.5089999999999999       0.0000000000000000
 2459882.5000000000000000      10.2873000000000001      -0.2096020000000000     -17.5486000000000004       0.0000000000000000
 2459883.5000000000000000      10.6388999999999996       0.0269785000000000       4.8756300000000001       0.0000000000000000
 2459884.5000000000000000      10.2873000000000001      -0.2096020000000000     -18.0356999999999985       0.0000000000000000
 2459885.5000000000000000      10.4631000000000007       6.3874399999999998      13.5594000000000001       0.0000000000000000
 2459886.5000000000000000      10.2873000000000001      -0.2054520000000000     -18.4939999999999998       0.0000000000000000
 2459887.5000000000000000      10.2873000000000001      -9.0875500000000002      16.5107999999999997       0.0000000000000000
 2459888.5000000000000000      10.2873000000000001      -0.2033760000000000     -18.9248000000000012       0.0000000000000000
 2459889.5000000000000000      10.3751999999999995      -0.0103763000000000      17.2361000000000004       0.0000000000000000
 2459890.5000000000000000      10.1992999999999991      -0.1992260000000000     -19.3428000000000004       0.0000000000000000
 2459891.5000000000000000      10.5510000000000002       0.0166022000000000       9.5636100000000006       0.0000000000000000
 2459892.5000000000000000      10.2873000000000001      -0.1826240000000000     -18.0943000000000005       0.0000000000000000
 2459893.5000000000000000      10.3751999999999995       0.0249032000000000      18.2354999999999983       0.0000000000000000
 2459894.5000000000000000      10.2873000000000001      -0.1826240000000000     -18.7322999999999986       0.0000000000000000
 2459895.5000000000000000      10.6388999999999996      -0.0539570000000000      -3.9124400000000001       0.0000000000000000
 2459896.5000000000000000      10.2873000000000001      -0.1784730000000000     -19.3520000000000003       0.0000000000000000
 2459897.5000000000000000      10.6388999999999996      -0.0186774000000000       1.1870499999999999       0.0000000000000000
 2459898.5000000000000000      10.2873000000000001      -0.1722470000000000     -18.9505000000000017       0.0000000000000000
 2459899.5000000000000000      10.2873000000000001      -0.0539570000000000     -19.0000000000000000       0.0000000000000000
 2459900.5000000000000000      10.2873000000000001      -0.1618710000000000     -18.4023000000000003       0.0000000000000000
 2459901.5000000000000000      10.4631000000000007      -0.0228280000000000     -14.2520000000000007       0.0000000000000000
 2459902.5000000000000000      10.3751999999999995      -0.1535700000000000     -17.8174999999999990       0.0000000000000000
 2459903.5000000000000000      10.3751999999999995       0.1846990000000000      19.1191999999999993       0.0000000000000000
 2459904.5000000000000000      10.3751999999999995      -0.1390430000000000     -17.2109999999999985       0.0000000000000000
 2459905.5000000000000000      10.6388999999999996       7.2887500000000003       4.8488100000000003       0.0000000000000000
 2459906.5000000000000000      10.2873000000000001      -0.1473440000000000     -19.0348000000000006       0.0000000000000000
 2459907.5000000000000000      10.6388999999999996      -0.0332043000000000      -4.6446300000000003       0.0000000000000000
 2459908.5000000000000000      10.2873000000000001      -0.1369680000000000     -18.4517999999999986       0.0000000000000000
 2459909.5000000000000000      10.5510000000000002       0.0892366000000000      12.7512000000000008       0.0000000000000000
 2459910.5000000000000000      10.3751999999999995      -0.1286670000000000     -17.8468000000000018       0.0000000000000000
 2459911.5000000000000000      10.3751999999999995     -14.4736999999999991      -9.7161600000000004       0.0000000000000000
 2459912.5000000000000000      10.3751999999999995      -0.1162150000000000     -17.2032999999999987       0.0000000000000000
 2459913.5000000000000000      10.6388999999999996      -0.0041505400000000      -8.4286399999999997       0.0000000000000000
 2459914.5000000000000000      10.2873000000000001      -0.1390430000000000     -19.3043000000000013       0.0000000000000000
 2459915.5000000000000000      10.6388999999999996      -0.0020752700000000      -5.4737499999999999       0.0000000000000000
 2459916.5000000000000000      10.2873000000000001      -0.1348920000000000     -18.9467999999999996       0.0000000000000000
 2459917.5000000000000000      10.5510000000000002       0.1411180000000000      14.1979000000000006       0.0000000000000000
 2459918.5000000000000000      10.3751999999999995      -0.1328170000000000     -18.5710000000000015       0.0000000000000000
 2459919.5000000000000000      10.5510000000000002       0.0000000000000000     -11.6687999999999992       0.0000000000000000
 2459920.5000000000000000      10.3751999999999995      -0.1265910000000000     -18.1732000000000014       0.0000000000000000
 2459921.5000000000000000      10.5510000000000002       0.1037630000000000      12.0220000000000002       0.0000000000000000
 2459922.5000000000000000      10.2873000000000001      -0.1348920000000000     -19.3153000000000006       0.0000000000000000
 2459923.5000000000000000      10.6388999999999996       5.1107500000000003      -7.5589399999999998       0.0000000000000000
 2459924.5000000000000000      10.3751999999999995      -0.1286670000000000     -18.6314999999999991       0.0000000000000000
 2459925.5000000000000000      10.3751999999999995       0.1701720000000000      18.3473000000000006       0.0000000000000000
 2459926.5000000000000000      10.3751999999999995      -0.1245160000000000     -17.9220000000000006       0.0000000000000000
 2459927.5000000000000000      10.7269000000000005       0.0622581000000000      -1.6353100000000000       0.0000000000000000
 2459928.5000000000000000      10.3751999999999995      -0.1307420000000000     -18.7671999999999990       0.0000000000000000
 2459929.5000000000000000      10.6388999999999996      -0.3776990000000000      -6.2389400000000004       0.0000000000000000
 2459930.5000000000000000      10.3751999999999995      -0.1514950000000000     -18.0777999999999999       0.0000000000000000
 2459932.5000000000000000      10.6388999999999996       0.3693980000000000      -5.5644999999999998       0.0000000000000000
