Time P3114 A5334 A5335 A5016
 2455562.5000200002000000      11.0785000000000000       0.1079140000000000      16.9178000000000000       0.0000000000000000
 2455563.5000200002000000      11.3423000000000000       0.5146670000000000      -0.3424190000000000       0.0000000000000000
 2455564.5000200002000000      11.0785000000000000      11.0220000000000000      12.8071000000000000       0.0000000000000000
 2455565.5000200002000000      11.2544000000000000      -0.3278920000000000     -11.5528999999999990       0.0000000000000000
 2455566.5000200002000000      11.0785000000000000       0.1784730000000000     -15.9109000000000000       0.0000000000000000
 2455567.5000200002000000      11.2544000000000000       9.9175299999999993      -3.6109700000000000       0.0000000000000000
 2455568.5000200002000000      11.3423000000000000      -0.1826240000000000       7.2990599999999999       0.0000000000000000
 2455569.5000200002000000      11.1663999999999990       0.0643333000000000     -14.6435000000000000       0.0000000000000000
 2455570.5000200002000000      11.1663999999999990      -0.2552580000000000     -13.6847999999999990       0.0000000000000000
 2455571.5000200002000000      10.9906000000000010      -6.8185000000000002      17.1050000000000000       0.0000000000000000
 2455572.5000200002000000      11.2544000000000000       4.6920599999999997      -7.4950000000000001       0.0000000000000000
 2455573.5000200002000000      10.9906000000000010       0.3860000000000000     -18.6700000000000020       0.0000000000000000
 2455574.5000200002000000      11.3423000000000000      -0.5582470000000001      -5.8099400000000001       0.0000000000000000
 2455575.5000200002000000      11.3423000000000000      -0.2614840000000000      -3.0423399999999998       0.0000000000000000
 2455576.5000200002000000      11.2544000000000000      -0.4378820000000000     -10.1799000000000000       0.0000000000000000
 2455577.5000200002000000      11.2544000000000000      -4.9313099999999999      11.2517999999999990       0.0000000000000000
 2455578.5000200002000000      10.9026999999999990     -18.5689999999999990       4.5394399999999999       0.0000000000000000
 2455579.5000200002000000      11.1663999999999990      -0.0560323000000000     -13.2989999999999990       0.0000000000000000
 2455580.5000200002000000      11.1663999999999990      -0.0518817000000000     -14.2963000000000000       0.0000000000000000
 2455581.5000200002000000      11.3423000000000000       0.1120650000000000      -0.6599350000000001       0.0000000000000000
 2455582.5000200002000000      11.3423000000000000      -0.1660220000000000       2.1209199999999999       0.0000000000000000
 2455583.5000200002000000      11.1663999999999990      -0.1846990000000000     -13.0444000000000000       0.0000000000000000
 2455584.5000200002000000      11.0785000000000000       0.2967630000000000     -16.0690999999999990       0.0000000000000000
 2455585.5000200002000000      11.0785000000000000       0.2324300000000000      16.1597000000000010       0.0000000000000000
 2455586.5000200002000000      11.2544000000000000      -6.3647499999999999       0.4067530000000000       0.0000000000000000
 2455587.5000200002000000      11.3423000000000000       0.2220540000000000       6.2678099999999999       0.0000000000000000
 2455588.5000200002000000      11.3423000000000000      -0.2365810000000000       5.3788700000000000       0.0000000000000000
 2455589.5000200002000000      11.3423000000000000       0.2096020000000000       4.4507500000000002       0.0000000000000000
 2455590.5000200002000000      11.3423000000000000      -0.2469570000000000       3.5736100000000000       0.0000000000000000
 2455591.5000200002000000      11.3423000000000000      -0.7782260000000000      -2.3969399999999998       0.0000000000000000
 2455592.5000200002000000      11.0785000000000000      -0.1411180000000000      15.7044999999999990       0.0000000000000000
 2455593.5000200002000000      11.2544000000000000      -0.1618710000000000      11.8214000000000010       0.0000000000000000
 2455594.5000200002000000      11.3423000000000000      -0.4627850000000000       2.4342899999999998       0.0000000000000000
 2455595.5000200002000000      11.1663999999999990      -0.1577200000000000      13.8604000000000000       0.0000000000000000
 2455596.5000200002000000      11.3423000000000000       0.1182900000000000      -1.4900400000000000       0.0000000000000000
 2455597.5000200002000000      11.0785000000000000      -0.0394301000000000     -16.1038000000000000       0.0000000000000000
 2455598.5000200002000000      10.9026999999999990       0.7221940000000000      19.0825000000000000       0.0000000000000000
 2455599.5000200002000000      11.3423000000000000      -0.0020752700000000       1.3613800000000000       0.0000000000000000
 2455600.5000200002000000      11.3423000000000000       0.0373548000000000       2.3450500000000001       0.0000000000000000
 2455601.5000200002000000      11.1663999999999990       2.1935600000000002     -12.1243000000000000       0.0000000000000000
 2455602.5000200002000000      11.1663999999999990      -0.1826240000000000     -11.6931999999999990       0.0000000000000000
 2455603.5000200002000000      11.3423000000000000      -0.1992260000000000       4.5538699999999999       0.0000000000000000
 2455604.5000200002000000      10.8148000000000000     -10.5897000000000010      18.7579999999999990       0.0000000000000000
 2455605.5000200002000000      11.1663999999999990      -2.3346800000000001      10.8979000000000000       0.0000000000000000
 2455606.5000200002000000      11.0785000000000000      -0.1369680000000000     -13.5112000000000010       0.0000000000000000
 2455607.5000200002000000      11.3423000000000000      -0.1950750000000000       2.6542699999999999       0.0000000000000000
 2455608.5000200002000000      11.2544000000000000       0.3901510000000000       6.1378800000000000       0.0000000000000000
 2455609.5000200002000000      11.0785000000000000       2.6106900000000000      15.9590999999999990       0.0000000000000000
 2455610.5000200002000000      10.9906000000000010       3.2913800000000002      16.7094999999999980       0.0000000000000000
 2455611.5000200002000000      10.9906000000000010      -0.0020752700000000      18.0814999999999980       0.0000000000000000
 2455612.5000200002000000      10.9906000000000010       0.6703120000000000      17.5756000000000010       0.0000000000000000
 2455613.5000200002000000      10.9906000000000010      -0.0103763000000000      16.8965999999999990       0.0000000000000000
 2455614.5000200002000000      11.0785000000000000      -9.7794500000000006       7.6641199999999996       0.0000000000000000
 2455615.5000200002000000      11.2544000000000000       0.1950750000000000       9.4232700000000005       0.0000000000000000
 2455616.5000200002000000      11.2544000000000000      -0.4648600000000000      -6.7628100000000000       0.0000000000000000
 2455617.5000200002000000      11.2544000000000000       0.1141400000000000      -5.1169399999999996       0.0000000000000000
 2455618.5000200002000000      11.2544000000000000      -0.2614840000000000      -6.0326899999999997       0.0000000000000000
 2455619.5000200002000000      11.2544000000000000      -0.0975376000000000      -7.1650000000000000       0.0000000000000000
 2455620.5000200002000000      11.2544000000000000      -0.4856130000000000      -5.5706899999999999       0.0000000000000000
 2455621.5000200002000000      10.5510000000000000     -14.9120000000000010      19.8415000000000000       0.0000000000000000
 2455622.5000200002000000      11.2544000000000000      -0.5001400000000000      -5.5892499999999998       0.0000000000000000
 2455623.5000200002000000      11.1663999999999990       0.1182900000000000       8.8740900000000007       0.0000000000000000
 2455624.5000200002000000      10.9906000000000010       0.4316560000000000     -15.5579000000000000       0.0000000000000000
 2455625.5000200002000000      10.9026999999999990       0.1162150000000000      18.6131999999999990       0.0000000000000000
 2455626.5000200002000000      11.1663999999999990      -0.0560323000000000      -8.3188099999999991       0.0000000000000000
 2455627.5000200002000000      10.9906000000000010      -0.0601828000000000      15.6563000000000000       0.0000000000000000
 2455628.5000200002000000      10.9026999999999990       0.3507200000000000      16.6188000000000000       0.0000000000000000
 2455629.5000200002000000      11.1663999999999990      -0.1411180000000000      -7.7878800000000004       0.0000000000000000
 2455630.5000200002000000      10.8148000000000000      -0.3527960000000000     -18.9688000000000020       0.0000000000000000
 2455631.5000200002000000      11.1663999999999990      -7.1526300000000003       3.5258799999999999       0.0000000000000000
 2455632.5000200002000000      11.0785000000000000      -0.6495590000000000      12.2400000000000000       0.0000000000000000
 2455633.5000200002000000      10.9026999999999990       2.9302800000000002      15.6717000000000000       0.0000000000000000
 2455634.5000200002000000      10.9026999999999990       4.3373100000000004      16.9159000000000010       0.0000000000000000
 2455635.5000200002000000      11.1663999999999990       0.0581075000000000      -8.1662599999999994       0.0000000000000000
 2455636.5000200002000000      10.9906000000000010      -0.1265910000000000      14.2075999999999990       0.0000000000000000
 2455637.5000200002000000      11.1663999999999990       0.3112900000000000      -5.2097499999999997       0.0000000000000000
 2455638.5000200002000000      10.8148000000000000       0.6350320000000000     -18.5563000000000000       0.0000000000000000
 2455639.5000200002000000      11.2544000000000000       0.0498065000000000      -1.2970400000000000       0.0000000000000000
 2455640.5000200002000000      10.9906000000000010      -0.1079140000000000      15.1046000000000000       0.0000000000000000
 2455641.5000200002000000      10.9026999999999990       0.0166022000000000     -14.6667000000000010       0.0000000000000000
 2455642.5000200002000000      10.9026999999999990      -0.0975376000000000      15.5367000000000000       0.0000000000000000
 2455643.5000200002000000      11.0785000000000000       0.0435806000000000       9.5392100000000006       0.0000000000000000
 2455644.5000200002000000      11.0785000000000000      -1.1206499999999999       8.7642500000000005       0.0000000000000000
 2455645.5000200002000000      10.9906000000000010       0.0103763000000000     -11.8214000000000010       0.0000000000000000
 2455646.5000200002000000      11.0785000000000000      -6.6823699999999997      -1.0749899999999999       0.0000000000000000
 2455647.5000200002000000      10.8148000000000000       0.0062258100000000     -16.9063000000000020       0.0000000000000000
 2455648.5000200002000000      10.8148000000000000      -0.0726344000000000      16.7037000000000010       0.0000000000000000
 2455649.5000200002000000      11.0785000000000000       0.0684839000000000      -7.9221800000000000       0.0000000000000000
 2455650.5000200002000000      10.8148000000000000      -0.0664086000000000      16.9892000000000000       0.0000000000000000
 2455651.5000200002000000      10.9906000000000010       7.3526899999999999      -7.0824999999999996       0.0000000000000000
 2455652.5000200002000000      10.8148000000000000      -0.0581075000000000      17.3267999999999990       0.0000000000000000
 2455653.5000200002000000      10.9906000000000010      -0.8301080000000000     -10.6335000000000000       0.0000000000000000
 2455654.5000200002000000      10.8148000000000000      -0.0498065000000000      17.6374000000000000       0.0000000000000000
 2455655.5000200002000000      10.9906000000000010       0.4690110000000000      13.7813000000000000       0.0000000000000000
 2455656.5000200002000000      10.7269000000000010      -0.0394301000000000      17.9164999999999990       0.0000000000000000
 2455657.5000200002000000      10.9906000000000010      -0.0581075000000000      -9.8504100000000001       0.0000000000000000
 2455658.5000200002000000      10.7269000000000010      -0.0975376000000000      18.1694999999999990       0.0000000000000000
 2455659.5000200002000000      10.6389000000000000     -15.1127000000000000      11.3779000000000000       0.0000000000000000
 2455660.5000200002000000      10.7269000000000010      -0.0249032000000000      18.3967999999999990       0.0000000000000000
 2455661.5000200002000000      11.0785000000000000       0.0643333000000000      -5.1994400000000001       0.0000000000000000
 2455662.5000200002000000      10.7269000000000010      -0.0954624000000000      18.6149999999999980       0.0000000000000000
 2455663.5000200002000000      10.7269000000000010      -0.8757630000000000     -16.7404000000000010       0.0000000000000000
 2455664.5000200002000000      10.6389000000000000      -0.0124516000000000      18.7965000000000020       0.0000000000000000
 2455665.5000200002000000      10.8148000000000000       0.0913118000000000      15.8222000000000000       0.0000000000000000
 2455666.5000200002000000      10.6389000000000000      -0.0041505400000000      18.9688000000000020       0.0000000000000000
 2455667.5000200002000000      10.9026999999999990      -0.6412580000000000     -12.3017000000000000       0.0000000000000000
 2455668.5000200002000000      10.6389000000000000       0.0041505400000000      19.1191999999999990       0.0000000000000000
 2455669.5000200002000000      10.5510000000000000       7.6249399999999996     -18.8900000000000010       0.0000000000000000
 2455670.5000200002000000      10.6389000000000000       0.0103763000000000      19.2438000000000000       0.0000000000000000
 2455671.5000200002000000      10.9026999999999990       9.6978600000000004       5.9089400000000003       0.0000000000000000
 2455672.5000200002000000      10.6389000000000000       0.0166022000000000      19.3428000000000000       0.0000000000000000
 2455673.5000200002000000      10.6389000000000000      -0.4233550000000000      17.8981999999999990       0.0000000000000000
 2455674.5000200002000000      10.5510000000000000       0.0684839000000000      19.4087999999999990       0.0000000000000000
 2455675.5000200002000000      10.6389000000000000      -0.3195910000000000      18.4940000000000000       0.0000000000000000
 2455676.5000200002000000      10.5510000000000000       0.0228280000000000      19.4729999999999990       0.0000000000000000
 2455677.5000200002000000      10.8148000000000000      -0.7304950000000000      14.1419999999999990       0.0000000000000000
 2455678.5000200002000000      10.5510000000000000       0.0249032000000000      19.5042000000000010       0.0000000000000000
 2455679.5000200002000000      10.4631000000000010      17.1975000000000020     -12.8322000000000000       0.0000000000000000
 2455680.5000200002000000      10.5510000000000000       0.0249032000000000      19.5115000000000020       0.0000000000000000
 2455681.5000200002000000      11.0785000000000000      -0.6350320000000000      -1.1206499999999999       0.0000000000000000
 2455682.5000200002000000      10.5510000000000000       0.0269785000000000      19.4932000000000020       0.0000000000000000
 2455683.5000200002000000      10.9906000000000010      -0.7782260000000000       7.6929999999999996       0.0000000000000000
 2455684.5000200002000000      10.5510000000000000       0.0269785000000000      19.4546999999999990       0.0000000000000000
 2455685.5000200002000000      10.9906000000000010       0.2988390000000000      -7.4846899999999996       0.0000000000000000
 2455686.5000200002000000      10.5510000000000000       0.0269785000000000      19.3904999999999990       0.0000000000000000
 2455687.5000200002000000      10.9906000000000010      -1.6560600000000001       0.8404840000000000       0.0000000000000000
 2455688.5000200002000000      10.5510000000000000       0.0269785000000000      19.3043000000000010       0.0000000000000000
 2455689.5000200002000000      10.9906000000000010      -0.4316560000000000       4.0671200000000001       0.0000000000000000
 2455690.5000200002000000      10.5510000000000000       0.0726344000000000      19.1962000000000010       0.0000000000000000
 2455691.5000200002000000      10.7269000000000010      -6.1749999999999998      12.2805000000000000       0.0000000000000000
 2455692.5000200002000000      10.5510000000000000       0.0249032000000000      19.0623000000000000       0.0000000000000000
 2455693.5000200002000000      10.9026999999999990      -0.0311290000000000      -5.8367500000000003       0.0000000000000000
 2455694.5000200002000000      10.5510000000000000       0.0269785000000000      18.8477999999999990       0.0000000000000000
 2455695.5000200002000000      10.9906000000000010      -0.0850860000000000       0.5727740000000000       0.0000000000000000
 2455696.5000200002000000      10.5510000000000000       0.0269785000000000      18.6700000000000020       0.0000000000000000
 2455697.5000200002000000      10.3752000000000000      11.2334999999999990      19.3172000000000000       0.0000000000000000
 2455698.5000200002000000      10.5510000000000000       0.0643333000000000      18.4757000000000000       0.0000000000000000
 2455699.5000200002000000      10.9906000000000010       0.0062258100000000       0.1099890000000000       0.0000000000000000
 2455700.5000200002000000      10.5510000000000000       0.0622581000000000      18.2630000000000020       0.0000000000000000
 2455701.5000200002000000      10.9906000000000010      -0.0041505400000000      -1.4423100000000000       0.0000000000000000
 2455702.5000200002000000      10.5510000000000000       0.0622581000000000      18.0283000000000020       0.0000000000000000
 2455703.5000200002000000      10.9026999999999990      -0.1556450000000000      -2.6272899999999999       0.0000000000000000
 2455704.5000200002000000      10.5510000000000000       0.0601828000000000      17.7716999999999990       0.0000000000000000
 2455705.5000200002000000      10.5510000000000000       1.2036600000000000      17.7332000000000000       0.0000000000000000
 2455706.5000200002000000      10.5510000000000000       0.0643333000000000      17.4868999999999990       0.0000000000000000
 2455707.5000200002000000      10.9026999999999990       0.0103763000000000       8.2862600000000004       0.0000000000000000
 2455708.5000200002000000      10.5510000000000000       0.0622581000000000      17.1783000000000000       0.0000000000000000
 2455709.5000200002000000      10.9026999999999990       0.0249032000000000       7.5713100000000004       0.0000000000000000
 2455710.5000200002000000      10.5510000000000000       0.0601828000000000      16.8426000000000010       0.0000000000000000
 2455711.5000200002000000      10.7269000000000010       0.1556450000000000      13.2180000000000000       0.0000000000000000
 2455712.5000200002000000      10.6389000000000000       0.0581075000000000      16.5012000000000010       0.0000000000000000
 2455713.5000200002000000      10.4631000000000010      -0.4482580000000000     -18.9322000000000020       0.0000000000000000
 2455714.5000200002000000      10.6389000000000000       0.0581075000000000      16.1462000000000000       0.0000000000000000
 2455715.5000200002000000      10.8148000000000000      -0.5727740000000000      11.1644000000000010       0.0000000000000000
 2455716.5000200002000000      10.6389000000000000       0.0913118000000000      15.7469000000000000       0.0000000000000000
 2455717.5000200002000000      10.8148000000000000      -0.0601828000000000       8.5405099999999994       0.0000000000000000
 2455718.5000200002000000      10.6389000000000000       0.0539570000000000      15.3707999999999990       0.0000000000000000
 2455719.5000200002000000      10.6389000000000000       0.0311290000000000      15.1122999999999990       0.0000000000000000
 2455720.5000200002000000      10.6389000000000000       0.0518817000000000      14.9541000000000000       0.0000000000000000
 2455721.5000200002000000      10.7269000000000010      -0.2614840000000000     -12.4329000000000000       0.0000000000000000
 2455722.5000200002000000      10.6389000000000000       0.0498065000000000      14.5336000000000000       0.0000000000000000
 2455723.5000200002000000      10.9026999999999990       0.1203660000000000       3.8361200000000002       0.0000000000000000
 2455724.5000200002000000      10.6389000000000000       0.0477312000000000      14.1015000000000000       0.0000000000000000
 2455725.5000200002000000      10.3752000000000000      -0.1452690000000000     -19.4052000000000010       0.0000000000000000
 2455726.5000200002000000      10.6389000000000000       0.0456559000000000      13.6501000000000000       0.0000000000000000
 2455727.5000200002000000      10.6389000000000000      -0.8799140000000000      14.3291000000000000       0.0000000000000000
 2455728.5000200002000000      10.6389000000000000       0.0435806000000000      13.1852000000000000       0.0000000000000000
 2455729.5000200002000000      10.8148000000000000      -3.4760800000000001      -4.4589999999999996       0.0000000000000000
 2455730.5000200002000000      10.7269000000000010      -0.9317960000000000      12.2979000000000000       0.0000000000000000
 2455731.5000200002000000      10.9026999999999990      -0.0996129000000000      -4.4239400000000000       0.0000000000000000
 2455732.5000200002000000      10.7269000000000010       0.0394301000000000      12.2284000000000010       0.0000000000000000
 2455733.5000200002000000      10.9026999999999990      -0.1224410000000000      -4.1867500000000000       0.0000000000000000
 2455734.5000200002000000      10.7269000000000010       0.0373548000000000      11.6729000000000000       0.0000000000000000
 2455735.5000200002000000      10.4631000000000010       0.0311290000000000     -17.0760000000000010       0.0000000000000000
 2455736.5000200002000000      10.7269000000000010       0.0332043000000000      11.1339000000000010       0.0000000000000000
 2455737.5000200002000000      10.8148000000000000       0.0913118000000000      -7.1196299999999999       0.0000000000000000
 2455738.5000200002000000      10.7269000000000010       0.0311290000000000      10.5867000000000000       0.0000000000000000
 2455739.5000200002000000      10.4631000000000010       0.1826240000000000      18.0100000000000020       0.0000000000000000
 2455740.5000200002000000      10.7269000000000010       0.0290538000000000      10.0396000000000000       0.0000000000000000
 2455741.5000200002000000      10.7269000000000010       5.9295600000000004      -7.4228100000000001       0.0000000000000000
 2455742.5000200002000000      10.7269000000000010       0.0249032000000000       9.4781899999999997       0.0000000000000000
 2455743.5000200002000000      10.5510000000000000      -0.1037630000000000     -16.2697000000000000       0.0000000000000000
 2455744.5000200002000000      10.8148000000000000       0.0228280000000000       8.8964599999999994       0.0000000000000000
 2455745.5000200002000000      10.8148000000000000      -0.1411180000000000      -7.1464400000000001       0.0000000000000000
 2455746.5000200002000000      10.8148000000000000       0.0207527000000000       8.3228700000000000       0.0000000000000000
 2455747.5000200002000000      10.7269000000000010       0.1473440000000000      11.7644000000000000       0.0000000000000000
 2455748.5000200002000000      10.8148000000000000      -0.0062258100000000       7.7404400000000004       0.0000000000000000
 2455749.5000200002000000      10.7269000000000010       0.1452690000000000      10.1575000000000010       0.0000000000000000
 2455750.5000200002000000      10.8148000000000000       0.0166022000000000       7.1402500000000000       0.0000000000000000
 2455751.5000200002000000      10.5510000000000000      10.3303999999999990      11.8233999999999990       0.0000000000000000
 2455752.5000200002000000      10.4631000000000010      -0.2345050000000000      17.3402999999999990       0.0000000000000000
 2455753.5000200002000000      10.1992999999999990     -15.2062000000000010     -15.3379999999999990       0.0000000000000000
 2455754.5000200002000000      10.3752000000000000      -0.3050650000000000     -19.6068000000000000       0.0000000000000000
 2455755.5000200002000000      10.9026999999999990       0.1452690000000000       5.3665000000000003       0.0000000000000000
 2455756.5000200002000000      10.8148000000000000      -0.7906770000000000      -3.2872300000000001       0.0000000000000000
 2455757.5000200002000000      10.6389000000000000      -0.0207527000000000      13.6212000000000000       0.0000000000000000
 2455758.5000200002000000      10.8148000000000000      -0.2033760000000000      -5.9935000000000000       0.0000000000000000
 2455759.5000200002000000      10.4631000000000010      -0.0352796000000000     -16.7017999999999990       0.0000000000000000
 2455760.5000200002000000      10.8148000000000000      -1.7266200000000000      -6.8659400000000002       0.0000000000000000
 2455761.5000200002000000      10.8148000000000000      -0.0560323000000000      -7.2722499999999997       0.0000000000000000
 2455762.5000200002000000      10.9026999999999990      -2.5297499999999999       0.8695380000000000       0.0000000000000000
 2455763.5000200002000000      10.8148000000000000      -0.0518817000000000      -5.5706899999999999       0.0000000000000000
 2455764.5000200002000000      10.3752000000000000      19.3482999999999980       3.4407999999999999       0.0000000000000000
 2455765.5000200002000000      10.9026999999999990       0.2179030000000000       3.2249699999999999       0.0000000000000000
 2455766.5000200002000000      10.9026999999999990       0.3984520000000000      -3.0796999999999999       0.0000000000000000
 2455767.5000200002000000      10.9026999999999990      -0.0705591000000000      -2.1873300000000002       0.0000000000000000
 2455768.5000200002000000      10.9026999999999990      -0.7595480000000000      -0.8508600000000000       0.0000000000000000
 2455769.5000200002000000      10.7269000000000010      -0.0871613000000000     -10.0945000000000000       0.0000000000000000
 2455770.5000200002000000      10.9026999999999990       0.2137530000000000       0.3735480000000000       0.0000000000000000
 2455771.5000200002000000      10.9026999999999990      -0.0581075000000000       1.2078100000000001       0.0000000000000000
 2455772.5000200002000000      10.4631000000000010      -0.7782260000000000     -16.9159000000000010       0.0000000000000000
 2455773.5000200002000000      10.8148000000000000      -0.0290538000000000      -7.7755000000000001       0.0000000000000000
 2455774.5000200002000000      10.7269000000000010      -0.2863870000000000     -11.2376000000000000       0.0000000000000000
 2455775.5000200002000000      10.6389000000000000      -0.6433330000000000     -13.1061000000000000       0.0000000000000000
 2455776.5000200002000000      10.8148000000000000      -0.7325700000000001      -7.4269400000000001       0.0000000000000000
 2455777.5000200002000000      10.5510000000000000      -0.2407310000000000     -15.7624000000000000       0.0000000000000000
 2455778.5000200002000000      10.8148000000000000       0.7387960000000000      10.0457000000000000       0.0000000000000000
 2455779.5000200002000000      10.8148000000000000      -0.1390430000000000      10.5013000000000010       0.0000000000000000
 2455780.5000200002000000      10.9026999999999990      -0.6018280000000000       1.6560600000000001       0.0000000000000000
 2455781.5000200002000000      10.9026999999999990      -0.0850860000000000      -1.9839599999999999       0.0000000000000000
 2455782.5000200002000000      10.7269000000000010      -0.0788602000000000     -12.9036000000000010       0.0000000000000000
 2455783.5000200002000000      10.7269000000000010      -0.0954624000000000     -12.8051999999999990       0.0000000000000000
 2455784.5000200002000000      10.8148000000000000       0.2324300000000000      -9.1954600000000006       0.0000000000000000
 2455785.5000200002000000      10.8148000000000000      -0.1203660000000000      -8.2862600000000004       0.0000000000000000
 2455786.5000200002000000      10.9026999999999990      -0.7221940000000000       2.8389700000000002       0.0000000000000000
 2455787.5000200002000000      10.9026999999999990      -0.1888490000000000       3.2726999999999999       0.0000000000000000
 2455788.5000200002000000      10.8148000000000000      -3.0361199999999999      10.6498000000000010       0.0000000000000000
 2455789.5000200002000000      10.7269000000000010       5.4902499999999996     -12.0953000000000000       0.0000000000000000
 2455790.5000200002000000      10.6389000000000000      -0.0290538000000000     -15.3862000000000010       0.0000000000000000
 2455791.5000200002000000      10.4631000000000010      -0.1265910000000000      19.0127999999999990       0.0000000000000000
 2455792.5000200002000000      10.4631000000000010     -15.6931999999999990       8.7927300000000006       0.0000000000000000
 2455793.5000200002000000      10.9026999999999990      -1.5751299999999999      -5.7625000000000002       0.0000000000000000
 2455794.5000200002000000      10.6389000000000000      -0.3652470000000000     -15.3012999999999990       0.0000000000000000
 2455795.5000200002000000      10.9026999999999990       1.9279200000000001      -5.3685600000000004       0.0000000000000000
 2455796.5000200002000000      10.9906000000000010      -0.6329570000000000       2.5359799999999999       0.0000000000000000
 2455797.5000200002000000      10.9026999999999990       6.1853100000000003       7.4805599999999997       0.0000000000000000
 2455798.5000200002000000      10.7269000000000010      -0.3652470000000000     -12.9730000000000010       0.0000000000000000
 2455799.5000200002000000      10.7269000000000010       0.1016880000000000     -13.8179000000000000       0.0000000000000000
 2455800.5000200002000000      10.9906000000000010      -0.6972900000000000       5.5686200000000001       0.0000000000000000
 2455801.5000200002000000      10.5510000000000000      -0.1556450000000000     -18.6388000000000000       0.0000000000000000
 2455802.5000200002000000      10.9906000000000010      -0.0415054000000000       5.5438799999999997       0.0000000000000000
 2455803.5000200002000000      10.8148000000000000      -0.0394301000000000      11.8986000000000000       0.0000000000000000
 2455804.5000200002000000      10.5510000000000000      -0.0020752700000000     -18.7653000000000000       0.0000000000000000
 2455805.5000200002000000      10.5510000000000000      -0.1286670000000000     -17.8028000000000010       0.0000000000000000
 2455806.5000200002000000      10.9026999999999990       0.6184300000000000      11.3169000000000000       0.0000000000000000
 2455807.5000200002000000      10.8148000000000000       0.0103763000000000      12.2497000000000010       0.0000000000000000
 2455808.5000200002000000      10.8148000000000000      -0.7180430000000000     -12.2516000000000000       0.0000000000000000
 2455809.5000200002000000      10.8148000000000000       0.5499460000000001     -11.0159000000000000       0.0000000000000000
 2455810.5000200002000000      10.9906000000000010      -0.6806880000000000       7.3588699999999996       0.0000000000000000
 2455811.5000200002000000      10.8148000000000000      -0.1826240000000000      13.6694000000000000       0.0000000000000000
 2455812.5000200002000000      10.9026999999999990      -0.5852260000000000      10.6335000000000000       0.0000000000000000
 2455813.5000200002000000      10.9906000000000010       0.2365810000000000      -2.6791700000000001       0.0000000000000000
 2455814.5000200002000000      11.0785000000000000      -0.2386560000000000       1.8718900000000001       0.0000000000000000
 2455815.5000200002000000      10.9906000000000010       0.2282800000000000      -4.2630600000000003       0.0000000000000000
 2455816.5000200002000000      10.9026999999999990      -0.6142800000000001      11.1583000000000010       0.0000000000000000
 2455817.5000200002000000      10.9906000000000010       0.0373548000000000      -5.9543100000000004       0.0000000000000000
 2455818.5000200002000000      11.0785000000000000       3.7556900000000000       0.4441080000000000       0.0000000000000000
 2455819.5000200002000000      10.5510000000000000       2.3263799999999999     -18.3473000000000010       0.0000000000000000
 2455820.5000200002000000      11.0785000000000000       0.1411180000000000      -0.5935270000000000       0.0000000000000000
 2455821.5000200002000000      10.3752000000000000      11.9487000000000010     -19.8305000000000010       0.0000000000000000
 2455822.5000200002000000      10.5510000000000000       0.3693980000000000     -19.3337000000000000       0.0000000000000000
 2455823.5000200002000000      10.6389000000000000      -0.1016880000000000     -17.1474000000000010       0.0000000000000000
 2455824.5000200002000000      10.9906000000000010      -0.6578600000000000       9.5147999999999993       0.0000000000000000
 2455825.5000200002000000      10.9906000000000010       0.0435806000000000      11.1541999999999990       0.0000000000000000
 2455826.5000200002000000      10.9026999999999990      -0.7408710000000000     -10.6477000000000000       0.0000000000000000
 2455827.5000200002000000      10.8148000000000000       7.8652199999999999     -13.4534000000000000       0.0000000000000000
 2455828.5000200002000000      10.9026999999999990      -0.7387960000000000     -10.4687000000000000       0.0000000000000000
 2455829.5000200002000000      10.5510000000000000       0.2220540000000000     -19.4179999999999990       0.0000000000000000
 2455830.5000200002000000      10.9906000000000010      -0.7325700000000001     -10.2775000000000000       0.0000000000000000
 2455831.5000200002000000      10.8148000000000000      -0.0581075000000000      16.3932000000000000       0.0000000000000000
 2455832.5000200002000000      10.9906000000000010      -0.7284190000000000     -10.0721000000000010       0.0000000000000000
 2455833.5000200002000000      10.9906000000000010      -0.1556450000000000       9.7222700000000000       0.0000000000000000
 2455834.5000200002000000      10.9906000000000010      -0.7263440000000000      -9.8504100000000001       0.0000000000000000
 2455835.5000200002000000      10.7269000000000010       7.5135600000000000     -15.2878000000000010       0.0000000000000000
 2455836.5000200002000000      10.9906000000000010      -0.6371080000000000      10.9467000000000000       0.0000000000000000
 2455837.5000200002000000      10.9906000000000010       0.1265910000000000      -9.1832600000000006       0.0000000000000000
 2455838.5000200002000000      11.0785000000000000      -0.4544840000000000      -8.4916999999999998       0.0000000000000000
 2455839.5000200002000000      11.1663999999999990      -2.6999200000000001       0.5748490000000001       0.0000000000000000
 2455840.5000200002000000      10.7269000000000010       0.2469570000000000      18.6187000000000000       0.0000000000000000
 2455841.5000200002000000      10.8148000000000000       0.2054520000000000     -16.4337000000000020       0.0000000000000000
 2455842.5000200002000000      10.7269000000000010       0.2303550000000000      18.2354999999999980       0.0000000000000000
 2455843.5000200002000000      11.0785000000000000      -1.5543800000000001       6.6823699999999997       0.0000000000000000
 2455844.5000200002000000      10.9026999999999990       0.5271180000000000     -14.2364999999999990       0.0000000000000000
 2455845.5000200002000000      11.1663999999999990       0.1494190000000000      -2.3595799999999998       0.0000000000000000
 2455846.5000200002000000      10.9906000000000010      -0.0103763000000000      13.4880999999999990       0.0000000000000000
 2455847.5000200002000000      11.1663999999999990       0.1411180000000000      -4.2671900000000003       0.0000000000000000
 2455848.5000200002000000      11.1663999999999990       0.4005270000000000       0.4129790000000000       0.0000000000000000
 2455849.5000200002000000      11.1663999999999990       0.1328170000000000      -6.1770600000000000       0.0000000000000000
 2455850.5000200002000000      11.1663999999999990       0.4067530000000000      -1.6705900000000000       0.0000000000000000
 2455851.5000200002000000      10.8148000000000000       0.2552580000000000      17.5003999999999990       0.0000000000000000
 2455852.5000200002000000      11.1663999999999990       0.1763980000000000      -2.0150899999999998       0.0000000000000000
 2455853.5000200002000000      10.8148000000000000      -0.4607100000000000     -17.9164999999999990       0.0000000000000000
 2455854.5000200002000000      10.7269000000000010     -15.1419000000000000      13.0135000000000010       0.0000000000000000
 2455855.5000200002000000      10.7269000000000010      -0.7284190000000000     -19.3887000000000000       0.0000000000000000
 2455856.5000200002000000      11.1663999999999990       0.5208930000000001       3.3868399999999999       0.0000000000000000
 2455857.5000200002000000      11.1663999999999990      -0.2718600000000000       2.7331300000000001       0.0000000000000000
 2455858.5000200002000000      11.2544000000000000       0.5105160000000000       2.1375299999999999       0.0000000000000000
 2455859.5000200002000000      11.2544000000000000      -0.2656340000000000       1.4921199999999999       0.0000000000000000
 2455860.5000200002000000      11.2544000000000000       0.4939140000000000       0.9006670000000000       0.0000000000000000
 2455861.5000200002000000      11.2544000000000000      -0.2946880000000000       0.2365810000000000       0.0000000000000000
 2455862.5000200002000000      10.9906000000000010      -0.4109030000000000     -14.7997999999999990       0.0000000000000000
 2455863.5000200002000000      11.1663999999999990      -0.0581075000000000      -3.9990600000000001       0.0000000000000000
 2455864.5000200002000000      10.9906000000000010       0.4358060000000000     -14.9155000000000000       0.0000000000000000
 2455865.5000200002000000      10.9906000000000010      -0.3548710000000000     -14.7477000000000000       0.0000000000000000
 2455866.5000200002000000      10.9026999999999990       2.3803299999999998     -17.1030000000000020       0.0000000000000000
 2455867.5000200002000000      10.9026999999999990       0.1286670000000000     -16.0767999999999990       0.0000000000000000
 2455868.5000200002000000      11.0785000000000000      -1.7909600000000001      13.2855000000000010       0.0000000000000000
 2455869.5000200002000000      11.2544000000000000       3.4740000000000002      -1.2472399999999999       0.0000000000000000
 2455870.5000200002000000      10.9906000000000010       0.2594090000000000      15.4074000000000010       0.0000000000000000
 2455871.5000200002000000      11.0785000000000000       2.8638699999999999      11.7339000000000000       0.0000000000000000
 2455872.5000200002000000      10.9906000000000010       0.3133660000000000     -16.0016000000000000       0.0000000000000000
 2455873.5000200002000000      10.9906000000000010      -7.4661299999999997      13.1793999999999990       0.0000000000000000
 2455874.5000200002000000      11.2544000000000000       0.5250430000000000       0.6703120000000000       0.0000000000000000
 2455875.5000200002000000      11.2544000000000000       0.1369680000000000      -5.4056899999999999       0.0000000000000000
 2455876.5000200002000000      10.8148000000000000       0.0249032000000000     -18.7854999999999990       0.0000000000000000
 2455877.5000200002000000      10.9026999999999990      -0.1680970000000000     -17.8047000000000000       0.0000000000000000
 2455878.5000200002000000      10.9026999999999990       0.0311290000000000     -16.8214000000000010       0.0000000000000000
 2455879.5000200002000000      10.9906000000000010      -0.1556450000000000     -15.8087000000000000       0.0000000000000000
 2455880.5000200002000000      10.9906000000000010       0.0394301000000000     -14.8363999999999990       0.0000000000000000
 2455881.5000200002000000      11.0785000000000000      -0.1452690000000000     -13.8430000000000000       0.0000000000000000
 2455882.5000200002000000      11.0785000000000000      -5.9254400000000000      12.5988000000000010       0.0000000000000000
 2455883.5000200002000000      11.2544000000000000      -0.0415054000000000       6.3833099999999998       0.0000000000000000
 2455884.5000200002000000      11.0785000000000000       0.5167420000000000     -12.5892000000000000       0.0000000000000000
 2455885.5000200002000000      10.9906000000000010       2.3097699999999999     -15.8916000000000000       0.0000000000000000
 2455886.5000200002000000      11.2544000000000000       0.0643333000000000      -3.8093100000000000       0.0000000000000000
 2455887.5000200002000000      10.9026999999999990       2.0150899999999998     -16.9159000000000010       0.0000000000000000
 2455888.5000200002000000      11.2544000000000000      -0.4897630000000000      -3.4615499999999999       0.0000000000000000
 2455889.5000200002000000      11.2544000000000000       0.3756240000000000      -3.1896900000000001       0.0000000000000000
 2455890.5000200002000000      11.3423000000000000       0.4399570000000000       2.8597199999999998       0.0000000000000000
 2455891.5000200002000000      11.2544000000000000      -0.3133660000000000       3.1627100000000001       0.0000000000000000
 2455892.5000200002000000      11.1663999999999990       0.0332043000000000      -9.8727800000000006       0.0000000000000000
 2455893.5000200002000000      11.2544000000000000       2.5027699999999999      -4.4383699999999999       0.0000000000000000
 2455894.5000200002000000      11.2544000000000000       0.4669350000000000       6.2327500000000002       0.0000000000000000
 2455895.5000200002000000      11.2544000000000000      -0.3071400000000000       6.3812499999999996       0.0000000000000000
 2455896.5000200002000000      11.0785000000000000       0.0145269000000000     -13.8912000000000000       0.0000000000000000
 2455897.5000200002000000      11.3423000000000000      -0.4358060000000000       1.7785100000000000       0.0000000000000000
 2455898.5000200002000000      11.0785000000000000     -12.7575000000000000      -4.1434400000000000       0.0000000000000000
 2455899.5000200002000000      11.1663999999999990       0.8176560000000001     -12.8322000000000000       0.0000000000000000
 2455900.5000200002000000      11.1663999999999990       1.1787500000000000     -13.1119000000000000       0.0000000000000000
 2455901.5000200002000000      10.9906000000000010      -0.5623980000000000     -15.9765000000000000       0.0000000000000000
 2455902.5000200002000000      11.2544000000000000      -0.0560323000000000       8.7561199999999992       0.0000000000000000
 2455903.5000200002000000      11.2544000000000000       0.1265910000000000       9.3053000000000008       0.0000000000000000
 2455904.5000200002000000      11.3423000000000000       0.3818490000000000      -0.9172690000000000       0.0000000000000000
 2455905.5000200002000000      11.1663999999999990       0.0020752700000000      13.7677999999999990       0.0000000000000000
 2455906.5000200002000000      11.3423000000000000      -0.0913118000000000      -1.0189600000000001       0.0000000000000000
 2455907.5000200002000000      11.0785000000000000       0.1805480000000000      15.2454000000000000       0.0000000000000000
 2455908.5000200002000000      11.0785000000000000      -0.1701720000000000      16.6883000000000020       0.0000000000000000
 2455909.5000200002000000      11.3423000000000000       2.1126200000000002      -3.6234199999999999       0.0000000000000000
 2455910.5000200002000000      11.0785000000000000       0.4897630000000000      17.0933999999999990       0.0000000000000000
 2455911.5000200002000000      10.9906000000000010      -0.3133660000000000      17.7734999999999990       0.0000000000000000
 2455912.5000200002000000      10.9906000000000010      -0.1473440000000000      18.8679999999999990       0.0000000000000000
 2455913.5000200002000000      11.2544000000000000       0.1930000000000000       6.6204999999999998       0.0000000000000000
 2455914.5000200002000000      11.3423000000000000       0.5374950000000000       0.8114300000000000       0.0000000000000000
 2455915.5000200002000000      10.9906000000000010      -0.3590220000000000     -17.5100000000000020       0.0000000000000000
 2455916.5000200002000000      10.9906000000000010      -0.0622581000000000     -16.7770000000000010       0.0000000000000000
 2455917.5000200002000000      11.2544000000000000      -0.5416450000000000      -5.9749400000000001       0.0000000000000000
 2455918.5000200002000000      11.1663999999999990      -0.0933871000000000      14.4526000000000000       0.0000000000000000
 2455919.5000200002000000      11.3423000000000000       0.2407310000000000       1.1393200000000001       0.0000000000000000
 2455920.5000200002000000      11.3423000000000000       0.0145269000000000       5.9666899999999998       0.0000000000000000
 2455921.5000200002000000      11.3423000000000000       0.1411180000000000       4.9498699999999998       0.0000000000000000
 2455922.5000200002000000      11.0785000000000000      -3.8423099999999999     -12.8650000000000000       0.0000000000000000
 2455923.5000200002000000      10.9026999999999990      -0.4565590000000000     -19.0092000000000000       0.0000000000000000
 2455924.5000200002000000      11.1663999999999990      -0.3133660000000000      13.1254000000000010       0.0000000000000000
 2455925.5000200002000000      11.1663999999999990       0.5997530000000000      13.6114999999999990       0.0000000000000000
 2455926.5000200002000000      11.3423000000000000       0.4793870000000000      -0.4793870000000000       0.0000000000000000
