Time P3114 A5334 A5335 A5016
 2451544.5227899998000000      13.9797999999999990      -0.0020752700000000      -5.2076900000000004       0.0000000000000000
 2451545.5227899998000000      14.0678000000000000      -0.2158280000000000      -5.3190600000000003       0.0000000000000000
 2451546.5227899998000000      13.9797999999999990      -0.7720000000000000      -5.4139400000000002       0.0000000000000000
 2451547.5227899998000000      13.9797999999999990      -0.7720000000000000      -5.6985599999999996       0.0000000000000000
 2451548.5227899998000000      13.9797999999999990      -0.0062258100000000      -6.3028800000000000       0.0000000000000000
 2451549.5227899998000000      13.9797999999999990       0.1431940000000000      -6.4802499999999998       0.0000000000000000
 2451550.5227899998000000      13.9797999999999990      -0.0103763000000000      -6.8432500000000003       0.0000000000000000
 2451551.5227899998000000      13.9797999999999990      -0.0124516000000000      -7.1258100000000004       0.0000000000000000
 2451552.5227899998000000      13.9797999999999990      -0.0124516000000000      -7.3856900000000003       0.0000000000000000
 2451553.5227899998000000      13.8919000000000000      -0.3880750000000000      -9.1507100000000001       0.0000000000000000
 2451554.5227899998000000      14.0678000000000000      -1.5834299999999999      -0.5022150000000000       0.0000000000000000
 2451555.5227899998000000      13.5402000000000000       0.2013010000000000     -16.2368999999999990       0.0000000000000000
 2451556.5227899998000000      13.5402000000000000       0.2967630000000000     -17.2361000000000000       0.0000000000000000
 2451557.5227899998000000      13.8919000000000000      -0.4316560000000000     -10.3386000000000000       0.0000000000000000
 2451558.5227899998000000      14.0678000000000000      -1.5896600000000001      -1.2513900000000000       0.0000000000000000
 2451559.5227899998000000      13.6282000000000000      -0.4192040000000000     -14.7149000000000000       0.0000000000000000
 2451560.5227899998000000      13.6282000000000000      -0.6931400000000000     -14.2250000000000000       0.0000000000000000
 2451561.5227899998000000      13.7161000000000010      -0.4254300000000000     -14.0512999999999990       0.0000000000000000
 2451562.5227899998000000      13.9797999999999990      -1.6104099999999999       3.2976000000000001       0.0000000000000000
 2451563.5227899998000000      13.9797999999999990      -2.6667200000000002       3.2332700000000001       0.0000000000000000
 2451564.5227899998000000      13.9797999999999990      -1.6145600000000000       3.2934500000000000       0.0000000000000000
 2451565.5227899998000000      13.7161000000000010      -0.3839250000000000     -12.2457999999999990       0.0000000000000000
 2451566.5227899998000000      13.9797999999999990      -0.6142800000000001       6.2451200000000000       0.0000000000000000
 2451567.5227899998000000      13.8040000000000000      -0.3756240000000000     -11.5366000000000000       0.0000000000000000
 2451568.5227899998000000      13.5402000000000000      -0.6682370000000000     -15.8299000000000000       0.0000000000000000
 2451569.5227899998000000      13.8040000000000000      -0.3673230000000000     -10.7982999999999990       0.0000000000000000
 2451570.5227899998000000      13.6282000000000000      -0.3050650000000000     -13.9221000000000000       0.0000000000000000
 2451571.5227899998000000      13.8040000000000000      -0.3486450000000000     -10.0701000000000000       0.0000000000000000
 2451572.5227899998000000      13.7161000000000010      -0.6391830000000000     -12.0451999999999990       0.0000000000000000
 2451573.5227899998000000      13.8040000000000000      -0.3403440000000000      -9.3073300000000003       0.0000000000000000
 2451574.5227899998000000      13.8040000000000000      -0.6122040000000000     -10.1026000000000010       0.0000000000000000
 2451575.5227899998000000      13.7161000000000010      -1.8096300000000001     -10.6803000000000010       0.0000000000000000
 2451576.5227899998000000      13.9797999999999990      -1.6519100000000000      -0.2448820000000000       0.0000000000000000
 2451577.5227899998000000      13.8919000000000000      -0.6039030000000000      -7.1732500000000003       0.0000000000000000
 2451578.5227899998000000      13.8919000000000000      -0.5893760000000000      -6.2327500000000002       0.0000000000000000
 2451579.5227899998000000      13.8919000000000000      -2.6438899999999999       3.1502599999999998       0.0000000000000000
 2451580.5227899998000000      13.8919000000000000      -0.5831510000000000      -4.3063799999999999       0.0000000000000000
 2451581.5227899998000000      13.8919000000000000      -1.3572299999999999       0.0394301000000000       0.0000000000000000
 2451582.5227899998000000      13.8919000000000000      -0.2552580000000000      -2.4010899999999999       0.0000000000000000
 2451583.5227899998000000      13.8919000000000000      -0.3507200000000000      -2.1541299999999999       0.0000000000000000
 2451584.5227899998000000      13.7161000000000010      -0.3693980000000000     -10.0355000000000010       0.0000000000000000
 2451585.5227899998000000      13.8919000000000000      -1.0334800000000000       2.9863100000000000       0.0000000000000000
 2451586.5227899998000000      13.7161000000000010      -0.3631720000000000      -9.5778499999999998       0.0000000000000000
 2451587.5227899998000000      13.7161000000000010      -1.3862800000000000      -9.3276699999999995       0.0000000000000000
 2451588.5227899998000000      13.5402000000000000      -0.3195910000000000      14.7477000000000000       0.0000000000000000
 2451589.5227899998000000      13.8919000000000000      -0.2656340000000000      -2.7518099999999999       0.0000000000000000
 2451590.5227899998000000      13.4522999999999990       0.3029890000000000     -14.5876000000000000       0.0000000000000000
 2451591.5227899998000000      13.8040000000000000      -1.3613800000000000       2.8493400000000002       0.0000000000000000
 2451592.5227899998000000      13.8040000000000000       0.8176560000000001       7.0515600000000003       0.0000000000000000
 2451593.5227899998000000      13.8040000000000000      -1.3634500000000001       2.6791700000000001       0.0000000000000000
 2451594.5227899998000000      13.8040000000000000      -0.3175160000000000       2.7518099999999999       0.0000000000000000
 2451595.5227899998000000      13.7161000000000010      -1.3966600000000000      -7.3609400000000003       0.0000000000000000
 2451596.5227899998000000      13.7161000000000010      -0.3590220000000000      -7.5053099999999997       0.0000000000000000
 2451597.5227899998000000      13.7161000000000010      -1.5626800000000001      -7.5506900000000003       0.0000000000000000
 2451598.5227899998000000      13.5402000000000000      -0.0498065000000000      11.6159000000000000       0.0000000000000000
 2451599.5227899998000000      13.8040000000000000       1.2264800000000000       2.9821599999999999       0.0000000000000000
 2451600.5227899998000000      13.2765000000000000       1.2638400000000001     -16.4510000000000010       0.0000000000000000
 2451601.5227899998000000      13.6282000000000000       0.5831510000000000      -8.1174400000000002       0.0000000000000000
 2451602.5227899998000000      13.8040000000000000       1.6539900000000001       1.2036600000000000       0.0000000000000000
 2451603.5227899998000000      13.7161000000000010       0.6267310000000000       2.4674900000000002       0.0000000000000000
 2451604.5227899998000000      13.7161000000000010       1.5979600000000000      -5.0756899999999998       0.0000000000000000
 2451605.5227899998000000      13.7161000000000010       0.5956020000000000      -4.7807500000000003       0.0000000000000000
 2451606.5227899998000000      13.6282000000000000       0.7512470000000000      -7.5733800000000002       0.0000000000000000
 2451607.5227899998000000      13.6282000000000000       1.0770599999999999      -6.6184399999999997       0.0000000000000000
 2451608.5227899998000000      13.5402000000000000      -1.7390800000000000      -8.8944299999999998       0.0000000000000000
 2451609.5227899998000000      13.3644000000000000       1.1331000000000000      14.4449000000000010       0.0000000000000000
 2451610.5227899998000000      13.7161000000000010      -0.3154410000000000      -3.4698500000000001       0.0000000000000000
 2451611.5227899998000000      13.6282000000000000      -0.1701720000000000       6.8659400000000002       0.0000000000000000
 2451612.5227899998000000      13.7161000000000010       3.1253500000000001      -2.0358399999999999       0.0000000000000000
 2451613.5227899998000000      13.7161000000000010       0.0062258100000000      -0.1120650000000000       0.0000000000000000
 2451614.5227899998000000      13.2765000000000000       1.6436100000000000      15.9032000000000000       0.0000000000000000
 2451615.5227899998000000      13.2765000000000000       0.8633120000000000     -14.1767000000000000       0.0000000000000000
 2451616.5227899998000000      13.2765000000000000       1.5979600000000000      15.8434000000000010       0.0000000000000000
 2451617.5227899998000000      13.1885999999999990       0.9359459999999999      16.8329999999999980       0.0000000000000000
 2451618.5227899998000000      13.1885999999999990       1.8760399999999999      16.5301000000000010       0.0000000000000000
 2451619.5227899998000000      13.4522999999999990      -0.3527960000000000      10.2632999999999990       0.0000000000000000
 2451620.5227899998000000      13.4522999999999990      -0.3507200000000000      10.6599000000000000       0.0000000000000000
 2451621.5227899998000000      13.4522999999999990      -0.2614840000000000     -10.2247000000000000       0.0000000000000000
 2451622.5227899998000000      13.6282000000000000       1.9154700000000000       4.0980600000000003       0.0000000000000000
 2451623.5227899998000000      13.5402000000000000       0.1826240000000000      -5.6820599999999999       0.0000000000000000
 2451624.5227899998000000      13.1885999999999990       1.8656699999999999     -14.2326999999999990       0.0000000000000000
 2451625.5227899998000000      13.5402000000000000       0.0664086000000000      -3.3951400000000000       0.0000000000000000
 2451626.5227899998000000      13.3644000000000000       0.5976770000000000      10.7108000000000010       0.0000000000000000
 2451627.5227899998000000      13.3644000000000000       1.2659100000000001      11.9044000000000010       0.0000000000000000
 2451628.5227899998000000      13.2765000000000000       1.2908200000000001      12.6122999999999990       0.0000000000000000
 2451629.5227899998000000      13.5402000000000000       0.0290538000000000       1.1517700000000000       0.0000000000000000
 2451630.5227899998000000      13.3644000000000000       2.6272899999999999     -10.4403000000000010       0.0000000000000000
 2451631.5227899998000000      13.3644000000000000       1.7411500000000000     -10.4443000000000000       0.0000000000000000
 2451632.5227899998000000      13.1007000000000000       1.8034100000000000      15.3650000000000000       0.0000000000000000
 2451633.5227899998000000      13.4522999999999990       1.5460799999999999      -7.2536899999999997       0.0000000000000000
 2451634.5227899998000000      13.5402000000000000       0.3652470000000000       2.4322100000000000       0.0000000000000000
 2451635.5227899998000000      13.3644000000000000       1.8407600000000000      -8.9493500000000008       0.0000000000000000
 2451636.5227899998000000      13.5402000000000000       0.0249032000000000       0.3507200000000000       0.0000000000000000
 2451637.5227899998000000      13.2765000000000000       1.9466000000000001     -11.2661000000000000       0.0000000000000000
 2451638.5227899998000000      13.2765000000000000       2.5899399999999999     -10.6254000000000010       0.0000000000000000
 2451639.5227899998000000      13.3644000000000000      -0.0249032000000000      -6.3070000000000004       0.0000000000000000
 2451640.5227899998000000      13.1885999999999990       1.8490599999999999     -12.6567000000000010       0.0000000000000000
 2451641.5227899998000000      13.2765000000000000      -0.0352796000000000      -8.3228700000000000       0.0000000000000000
 2451642.5227899998000000      13.0127000000000010       2.0814900000000001     -15.5309000000000010       0.0000000000000000
 2451643.5227899998000000      13.0127000000000010      -0.2303550000000000     -15.5367000000000000       0.0000000000000000
 2451644.5227899998000000      12.8369000000000000       2.7559600000000000     -17.8560000000000020       0.0000000000000000
 2451645.5227899998000000      13.3644000000000000      -0.1701720000000000      -6.9608100000000004       0.0000000000000000
 2451646.5227899998000000      13.2765000000000000       1.6104099999999999       7.5218100000000003       0.0000000000000000
 2451647.5227899998000000      13.2765000000000000      -0.1743230000000000      -8.2842300000000009       0.0000000000000000
 2451648.5227899998000000      13.1885999999999990       9.3968299999999996       4.4280600000000003       0.0000000000000000
 2451649.5227899998000000      12.7490000000000010      -0.2407310000000000     -17.9128000000000010       0.0000000000000000
 2451650.5227899998000000      13.2765000000000000       0.1514950000000000       7.0948700000000002       0.0000000000000000
 2451651.5227899998000000      13.0127000000000010      -0.2096020000000000     -13.2547000000000000       0.0000000000000000
 2451652.5227899998000000      13.3644000000000000      -0.0435806000000000       3.0340400000000001       0.0000000000000000
 2451653.5227899998000000      13.1007000000000000      -0.2013010000000000     -12.3558000000000000       0.0000000000000000
 2451654.5227899998000000      13.1007000000000000      -1.0314099999999999     -10.5949000000000010       0.0000000000000000
 2451655.5227899998000000      12.7490000000000010      -0.2324300000000000     -17.2167999999999990       0.0000000000000000
 2451656.5227899998000000      13.2765000000000000       5.6882500000000000       2.7642600000000002       0.0000000000000000
 2451657.5227899998000000      12.8369000000000000      -0.2241290000000000     -16.1887000000000010       0.0000000000000000
 2451658.5227899998000000      12.7490000000000010      10.7576000000000000      14.7457999999999990       0.0000000000000000
 2451659.5227899998000000      12.8369000000000000      -0.2158280000000000     -15.1335000000000000       0.0000000000000000
 2451660.5227899998000000      13.1885999999999990       2.9800900000000001      -7.1154999999999999       0.0000000000000000
 2451661.5227899998000000      12.9247999999999990      -0.2075270000000000     -14.1015000000000000       0.0000000000000000
 2451662.5227899998000000      13.1885999999999990       2.9821599999999999      -5.7563100000000000       0.0000000000000000
 2451663.5227899998000000      12.9247999999999990      -0.2033760000000000     -13.7485000000000000       0.0000000000000000
 2451664.5227899998000000      13.2765000000000000      -0.4254300000000000       2.9053800000000001       0.0000000000000000
 2451665.5227899998000000      12.9247999999999990      -0.1992260000000000     -13.4032000000000000       0.0000000000000000
 2451666.5227899998000000      13.1885999999999990       2.9863100000000000      -3.0340400000000001       0.0000000000000000
 2451667.5227899998000000      12.7490000000000010       0.1120650000000000     -16.7192000000000010       0.0000000000000000
 2451668.5227899998000000      12.6610999999999990       0.1971510000000000     -18.1200000000000010       0.0000000000000000
 2451669.5227899998000000      12.6610999999999990      -0.1037630000000000     -17.6160999999999990       0.0000000000000000
 2451670.5227899998000000      13.1885999999999990       3.8113700000000001       5.1767500000000002       0.0000000000000000
 2451671.5227899998000000      12.6610999999999990      -0.1037630000000000     -17.2534999999999990       0.0000000000000000
 2451672.5227899998000000      13.1885999999999990       0.0933871000000000      -0.4316560000000000       0.0000000000000000
 2451673.5227899998000000      12.6610999999999990      -0.1058390000000000     -17.6800000000000000       0.0000000000000000
 2451674.5227899998000000      13.1007000000000000       0.3880750000000000       8.1927000000000003       0.0000000000000000
 2451675.5227899998000000      12.6610999999999990      -0.1016880000000000     -17.3113999999999990       0.0000000000000000
 2451676.5227899998000000      12.8369000000000000      -0.1203660000000000      13.7754999999999990       0.0000000000000000
 2451677.5227899998000000      12.5731000000000000      -0.1037630000000000     -17.7642999999999990       0.0000000000000000
 2451678.5227899998000000      13.1885999999999990       1.3738300000000001      -0.2241290000000000       0.0000000000000000
 2451679.5227899998000000      12.9247999999999990      -0.1618710000000000     -10.5989000000000000       0.0000000000000000
 2451680.5227899998000000      13.1007000000000000      -4.5456300000000001       0.5457960000000000       0.0000000000000000
 2451681.5227899998000000      12.9247999999999990      -0.1141400000000000     -10.1717999999999990       0.0000000000000000
 2451682.5227899998000000      13.0127000000000010      -1.3530800000000001       8.5832300000000004       0.0000000000000000
 2451683.5227899998000000      12.9247999999999990      -0.1162150000000000      -9.7080300000000008       0.0000000000000000
 2451684.5227899998000000      13.1007000000000000       3.2996799999999999       2.7995399999999999       0.0000000000000000
 2451685.5227899998000000      12.9247999999999990      -0.0996129000000000      -8.6503499999999995       0.0000000000000000
 2451686.5227899998000000      13.1007000000000000      -0.4731610000000000      -1.6228600000000000       0.0000000000000000
 2451687.5227899998000000      12.9247999999999990      -0.1390430000000000      -7.6414400000000002       0.0000000000000000
 2451688.5227899998000000      12.7490000000000010      -1.4132600000000000      14.3233000000000000       0.0000000000000000
 2451689.5227899998000000      13.0127000000000010      -0.0933871000000000      -6.6411300000000004       0.0000000000000000
 2451690.5227899998000000      13.1007000000000000      -0.4731610000000000      -2.0067800000000000       0.0000000000000000
 2451691.5227899998000000      12.9247999999999990      -0.1016880000000000      -6.1791200000000002       0.0000000000000000
 2451692.5227899998000000      13.0127000000000010       1.5253200000000000      -5.2303699999999997       0.0000000000000000
 2451693.5227899998000000      12.9247999999999990      -0.0830108000000000      -5.7274399999999996       0.0000000000000000
 2451694.5227899998000000      12.4852000000000010       1.1310199999999999     -17.9110000000000010       0.0000000000000000
 2451695.5227899998000000      13.0127000000000010      -0.0581075000000000      -0.8591610000000000       0.0000000000000000
 2451696.5227899998000000      13.1007000000000000      -1.3987300000000000       0.1743230000000000       0.0000000000000000
 2451697.5227899998000000      13.0127000000000010      -0.2386560000000000      -0.6039030000000000       0.0000000000000000
 2451698.5227899998000000      12.6610999999999990       0.9421720000000000      14.3156000000000000       0.0000000000000000
 2451699.5227899998000000      13.0127000000000010      -0.0560323000000000      -0.2926130000000000       0.0000000000000000
 2451700.5227899998000000      12.5731000000000000       0.7927530000000000     -16.3950999999999990       0.0000000000000000
 2451701.5227899998000000      13.0127000000000010      -0.0539570000000000       0.0207527000000000       0.0000000000000000
 2451702.5227899998000000      12.8369000000000000      -1.1870499999999999       9.8626100000000001       0.0000000000000000
 2451703.5227899998000000      13.0127000000000010      -0.0518817000000000       0.3216670000000000       0.0000000000000000
 2451704.5227899998000000      13.0127000000000010      -0.1286670000000000       2.6210599999999999       0.0000000000000000
 2451705.5227899998000000      13.0127000000000010      -0.0518817000000000       0.5997530000000000       0.0000000000000000
 2451706.5227899998000000      12.7490000000000010       8.4774600000000007      -8.9717199999999995       0.0000000000000000
 2451707.5227899998000000      13.0127000000000010      -0.0352796000000000       0.8674620000000000       0.0000000000000000
 2451708.5227899998000000      12.6610999999999990       6.8845000000000001     -12.7416000000000000       0.0000000000000000
 2451709.5227899998000000      13.0127000000000010      -0.0332043000000000       1.5564499999999999       0.0000000000000000
 2451710.5227899998000000      12.6610999999999990       7.0515600000000003     -10.8389000000000010       0.0000000000000000
 2451711.5227899998000000      13.0127000000000010      -0.0311290000000000       1.8054800000000000       0.0000000000000000
 2451712.5227899998000000      12.7490000000000010       7.2371900000000000      -8.9127299999999998       0.0000000000000000
 2451713.5227899998000000      13.0127000000000010      -0.0290538000000000       2.4197600000000001       0.0000000000000000
 2451714.5227899998000000      12.6610999999999990       7.8164100000000003     -11.4471000000000010       0.0000000000000000
 2451715.5227899998000000      12.9247999999999990      -0.0269785000000000       2.6542699999999999       0.0000000000000000
 2451716.5227899998000000      12.6610999999999990      13.6385000000000010      -0.4918390000000000       0.0000000000000000
 2451717.5227899998000000      12.9247999999999990      -0.0020752700000000       2.8784000000000001       0.0000000000000000
 2451718.5227899998000000      12.5731000000000000      14.7574000000000010       1.5211699999999999       0.0000000000000000
 2451719.5227899998000000      12.9247999999999990      -0.1307420000000000      -0.4129790000000000       0.0000000000000000
 2451720.5227899998000000      12.6610999999999990     -10.7842000000000000      -7.7796200000000004       0.0000000000000000
 2451721.5227899998000000      12.9247999999999990      -0.0373548000000000       0.2469570000000000       0.0000000000000000
 2451722.5227899998000000      12.2215000000000010       1.7847299999999999     -19.8763000000000010       0.0000000000000000
 2451723.5227899998000000      12.9247999999999990      -0.0332043000000000       0.9068920000000000       0.0000000000000000
 2451724.5227899998000000      12.7490000000000010      -1.8698200000000000     -10.5054000000000000       0.0000000000000000
 2451725.5227899998000000      12.9247999999999990      -0.0311290000000000       1.5751299999999999       0.0000000000000000
 2451726.5227899998000000      12.5731000000000000      -8.1930999999999994     -12.6895000000000010       0.0000000000000000
 2451727.5227899998000000      12.9247999999999990      -0.0290538000000000       2.2392200000000000       0.0000000000000000
 2451728.5227899998000000      12.6610999999999990      11.6626999999999990      -5.6490600000000004       0.0000000000000000
 2451729.5227899998000000      12.9247999999999990       0.5603230000000000       2.7165300000000001       0.0000000000000000
 2451730.5227899998000000      12.3973000000000000       2.9842399999999998     -16.6169000000000010       0.0000000000000000
 2451731.5227899998000000      12.9247999999999990      -1.5045700000000000       2.9116000000000000       0.0000000000000000
 2451732.5227899998000000      12.8369000000000000      -0.1992260000000000      -6.7937500000000002       0.0000000000000000
 2451733.5227899998000000      12.8369000000000000      -0.6952150000000000       6.9731899999999998       0.0000000000000000
 2451734.5227899998000000      12.9247999999999990      -0.0539570000000000      -3.1274299999999999       0.0000000000000000
 2451735.5227899998000000      12.7490000000000010      -7.9203500000000000      -5.4345600000000003       0.0000000000000000
 2451736.5227899998000000      12.4852000000000010      -5.9770000000000003     -14.1786999999999990       0.0000000000000000
 2451737.5227899998000000      12.4852000000000010       0.8280320000000000      15.5907000000000000       0.0000000000000000
 2451738.5227899998000000      12.6610999999999990      -2.2578900000000002      12.9286999999999990       0.0000000000000000
 2451739.5227899998000000      12.5731000000000000      -2.2329900000000000      13.4301999999999990       0.0000000000000000
 2451740.5227899998000000      12.3973000000000000      -2.2309100000000002      13.7928999999999990       0.0000000000000000
 2451741.5227899998000000      12.3973000000000000      -2.2309100000000002      13.8160000000000010       0.0000000000000000
 2451742.5227899998000000      12.4852000000000010      -0.9483980000000000      12.5024000000000000       0.0000000000000000
 2451743.5227899998000000      12.4852000000000010       0.9878280000000000      12.8939000000000000       0.0000000000000000
 2451744.5227899998000000      12.3973000000000000       3.5839900000000000      13.4437000000000000       0.0000000000000000
 2451745.5227899998000000      12.3973000000000000       4.2981199999999999      13.7851000000000000       0.0000000000000000
 2451746.5227899998000000      12.3973000000000000       5.2778099999999997      14.3425999999999990       0.0000000000000000
 2451747.5227899998000000      12.3094000000000000       6.1296200000000001      14.7728000000000000       0.0000000000000000
 2451748.5227899998000000      12.3094000000000000       6.9938099999999999      15.2377000000000000       0.0000000000000000
 2451749.5227899998000000      12.7490000000000010       3.4781499999999999      -2.9676300000000002       0.0000000000000000
 2451750.5227899998000000      12.7490000000000010      -0.2635590000000000      -4.9808100000000000       0.0000000000000000
 2451751.5227899998000000      12.6610999999999990       5.0406300000000002      -4.0712500000000000       0.0000000000000000
 2451752.5227899998000000      12.6610999999999990      -1.7432300000000001       6.5875000000000004       0.0000000000000000
 2451753.5227899998000000      12.7490000000000010       1.1268700000000000       1.8677400000000000       0.0000000000000000
 2451754.5227899998000000      12.6610999999999990       1.3530800000000001      -9.0673200000000005       0.0000000000000000
 2451755.5227899998000000      12.4852000000000010       1.9445300000000001     -12.2593000000000000       0.0000000000000000
 2451756.5227899998000000      12.6610999999999990       1.1268700000000000      -8.2903300000000009       0.0000000000000000
 2451757.5227899998000000      12.6610999999999990       2.0752700000000002      -6.6617499999999996       0.0000000000000000
 2451758.5227899998000000      12.5731000000000000       1.4049600000000000     -10.1229999999999990       0.0000000000000000
 2451759.5227899998000000      12.6610999999999990       2.0794199999999998      -8.3126999999999995       0.0000000000000000
 2451760.5227899998000000      12.5731000000000000       1.0915900000000001     -11.5793000000000000       0.0000000000000000
 2451761.5227899998000000      12.4852000000000010       1.6622900000000000     -12.5699000000000010       0.0000000000000000
 2451762.5227899998000000      12.5731000000000000       2.4239099999999998     -10.9812999999999990       0.0000000000000000
 2451763.5227899998000000      12.3973000000000000       1.3489199999999999     -14.7342000000000000       0.0000000000000000
 2451764.5227899998000000      11.8698000000000000      17.7588000000000010     -13.9047000000000000       0.0000000000000000
 2451765.5227899998000000      12.4852000000000010       8.1499799999999993      10.6620000000000010       0.0000000000000000
 2451766.5227899998000000      12.4852000000000010       8.1479499999999998      10.5520999999999990       0.0000000000000000
 2451767.5227899998000000      12.4852000000000010      10.3528000000000000      10.4647000000000010       0.0000000000000000
 2451768.5227899998000000      12.4852000000000010      10.3854000000000010      10.3467000000000000       0.0000000000000000
 2451769.5227899998000000      12.5731000000000000       1.8843399999999999      11.0056999999999990       0.0000000000000000
 2451770.5227899998000000      12.6610999999999990       3.1274299999999999      10.7535000000000010       0.0000000000000000
 2451771.5227899998000000      12.3973000000000000       0.5976770000000000     -15.1277000000000010       0.0000000000000000
 2451772.5227899998000000      12.7490000000000010      -0.0913118000000000      -4.5848100000000001       0.0000000000000000
 2451773.5227899998000000      12.6610999999999990       1.6436100000000000      -9.6287000000000003       0.0000000000000000
 2451774.5227899998000000      12.6610999999999990       1.6041799999999999     -10.3833000000000000       0.0000000000000000
 2451775.5227899998000000      12.7490000000000010       1.7100200000000001      -6.7731300000000001       0.0000000000000000
 2451776.5227899998000000      12.5731000000000000       2.2911000000000001      12.3614999999999990       0.0000000000000000
 2451777.5227899998000000      12.3094000000000000       0.6142800000000001     -16.7017999999999990       0.0000000000000000
 2451778.5227899998000000      12.5731000000000000       2.3388300000000002      12.9595000000000000       0.0000000000000000
 2451779.5227899998000000      12.3094000000000000       0.5374950000000000     -17.6634999999999990       0.0000000000000000
 2451780.5227899998000000      12.8369000000000000       1.6664399999999999      -3.7000000000000002       0.0000000000000000
 2451781.5227899998000000      12.8369000000000000       0.0373548000000000       0.4378820000000000       0.0000000000000000
 2451782.5227899998000000      12.8369000000000000       1.6643699999999999       2.0690400000000002       0.0000000000000000
 2451783.5227899998000000      12.5731000000000000       1.2783700000000000     -12.4908000000000000       0.0000000000000000
 2451784.5227899998000000      12.8369000000000000       2.2703400000000000       2.6688000000000001       0.0000000000000000
 2451785.5227899998000000      12.8369000000000000       1.2721400000000000       3.4719199999999999       0.0000000000000000
 2451786.5227899998000000      12.8369000000000000       2.2890199999999998       4.5868700000000002       0.0000000000000000
 2451787.5227899998000000      12.7490000000000010       1.8096300000000001      -8.9493500000000008       0.0000000000000000
 2451788.5227899998000000      12.6610999999999990       1.9113199999999999     -10.6254000000000010       0.0000000000000000
 2451789.5227899998000000      12.8369000000000000       1.5543800000000001      -2.9510299999999998       0.0000000000000000
 2451790.5227899998000000      12.8369000000000000       1.6290899999999999       4.3063799999999999       0.0000000000000000
 2451791.5227899998000000      12.8369000000000000       1.5357000000000001      -4.3909399999999996       0.0000000000000000
 2451792.5227899998000000      12.6610999999999990       2.8576500000000000     -10.2510999999999990       0.0000000000000000
 2451793.5227899998000000      12.8369000000000000      -0.0996129000000000       8.2435500000000008       0.0000000000000000
 2451794.5227899998000000      12.9247999999999990       0.5395700000000000      -0.7865270000000000       0.0000000000000000
 2451795.5227899998000000      12.7490000000000010      -3.0174400000000001      -9.3907200000000000       0.0000000000000000
 2451796.5227899998000000      12.7490000000000010       1.6622900000000000      -8.6706900000000005       0.0000000000000000
 2451797.5227899998000000      12.9247999999999990       1.5917300000000001      -1.5938099999999999       0.0000000000000000
 2451798.5227899998000000      12.7490000000000010       1.6996500000000001      10.9772000000000000       0.0000000000000000
 2451799.5227899998000000      12.3973000000000000     -17.2885999999999990      -3.8278699999999999       0.0000000000000000
 2451800.5227899998000000      12.3094000000000000       1.4319400000000000     -18.1457000000000010       0.0000000000000000
 2451801.5227899998000000      12.9247999999999990       1.6207800000000001       3.2000600000000001       0.0000000000000000
 2451802.5227899998000000      12.6610999999999990       2.1084700000000001     -12.8438000000000000       0.0000000000000000
 2451803.5227899998000000      12.9247999999999990       0.3984520000000000      -2.5318299999999998       0.0000000000000000
 2451804.5227899998000000      12.9247999999999990       1.4734400000000001      -1.5253200000000000       0.0000000000000000
 2451805.5227899998000000      12.3094000000000000       0.2926130000000000     -18.8973000000000010       0.0000000000000000
 2451806.5227899998000000      12.7490000000000010       2.3616600000000001     -11.0627000000000000       0.0000000000000000
 2451807.5227899998000000      12.3094000000000000       2.0171600000000001     -18.8020000000000000       0.0000000000000000
 2451808.5227899998000000      12.9247999999999990       1.3115699999999999       4.7498100000000001       0.0000000000000000
 2451809.5227899998000000      12.7490000000000010       0.0062258100000000      11.4329000000000000       0.0000000000000000
 2451810.5227899998000000      12.9247999999999990       1.6145600000000000       3.9681299999999999       0.0000000000000000
 2451811.5227899998000000      12.7490000000000010       0.0145269000000000      11.1034000000000010       0.0000000000000000
 2451812.5227899998000000      13.0127000000000010       1.7722800000000001       0.6889890000000000       0.0000000000000000
 2451813.5227899998000000      12.8369000000000000       0.0498065000000000      10.7637000000000000       0.0000000000000000
 2451814.5227899998000000      13.0127000000000010       1.7888800000000000      -1.5377700000000001       0.0000000000000000
 2451815.5227899998000000      12.8369000000000000       3.7825000000000002      10.4321000000000000       0.0000000000000000
 2451816.5227899998000000      12.7490000000000010       2.2890199999999998      12.7994000000000000       0.0000000000000000
 2451817.5227899998000000      12.8369000000000000       0.0560323000000000      10.0477000000000010       0.0000000000000000
 2451818.5227899998000000      12.7490000000000010       1.8345400000000001      17.7038000000000010       0.0000000000000000
 2451819.5227899998000000      12.8369000000000000                      NaN                      NaN       0.0000000000000000
 2451820.5227899998000000      12.8369000000000000                      NaN                      NaN       0.0000000000000000
 2451821.5227899998000000      12.9247999999999990                      NaN                      NaN       0.0000000000000000
 2451822.5227899998000000      12.4852000000000010                      NaN                      NaN       0.0000000000000000
 2451823.5227899998000000      12.9247999999999990                      NaN                      NaN       0.0000000000000000
 2451824.5227899998000000      12.9247999999999990                      NaN                      NaN       0.0000000000000000
 2451825.5227899998000000      12.9247999999999990                      NaN                      NaN       0.0000000000000000
 2451826.5227899998000000      12.7490000000000010                      NaN                      NaN       0.0000000000000000
 2451827.5227899998000000      13.0127000000000010                      NaN                      NaN       0.0000000000000000
 2451828.5227899998000000      12.8369000000000000                      NaN                      NaN       0.0000000000000000
 2451829.5227899998000000      13.0127000000000010                      NaN                      NaN       0.0000000000000000
 2451830.5227899998000000      12.7490000000000010                      NaN                      NaN       0.0000000000000000
 2451831.5227899998000000      12.7490000000000010                      NaN                      NaN       0.0000000000000000
 2451832.5227899998000000      12.8369000000000000                      NaN                      NaN       0.0000000000000000
 2451833.5227899998000000      12.8369000000000000                      NaN                      NaN       0.0000000000000000
 2451834.5227899998000000      13.0127000000000010                      NaN                      NaN       0.0000000000000000
 2451835.5227899998000000      12.6610999999999990                      NaN                      NaN       0.0000000000000000
 2451836.5227899998000000      12.6610999999999990                      NaN                      NaN       0.0000000000000000
 2451837.5227899998000000      13.1007000000000000                      NaN                      NaN       0.0000000000000000
 2451838.5227899998000000      13.1007000000000000                      NaN                      NaN       0.0000000000000000
 2451839.5227899998000000      13.1007000000000000                      NaN                      NaN       0.0000000000000000
 2451840.5227899998000000      13.1007000000000000                      NaN                      NaN       0.0000000000000000
 2451841.5227899998000000      13.0127000000000010                      NaN                      NaN       0.0000000000000000
 2451842.5227899998000000      13.1007000000000000                      NaN                      NaN       0.0000000000000000
 2451843.5227899998000000      13.0127000000000010                      NaN                      NaN       0.0000000000000000
 2451844.5227899998000000      13.1007000000000000                      NaN                      NaN       0.0000000000000000
 2451845.5227899998000000      12.5731000000000000                      NaN                      NaN       0.0000000000000000
 2451846.5227899998000000      12.5731000000000000                      NaN                      NaN       0.0000000000000000
 2451847.5227899998000000      13.1007000000000000                      NaN                      NaN       0.0000000000000000
 2451848.5227899998000000      13.0127000000000010                      NaN                      NaN       0.0000000000000000
 2451849.5227899998000000      12.6610999999999990                      NaN                      NaN       0.0000000000000000
 2451850.5227899998000000      12.8369000000000000                      NaN                      NaN       0.0000000000000000
 2451851.5227899998000000      12.8369000000000000                      NaN                      NaN       0.0000000000000000
 2451852.5227899998000000      13.1007000000000000                      NaN                      NaN       0.0000000000000000
 2451853.5227899998000000      13.0127000000000010                      NaN                      NaN       0.0000000000000000
 2451854.5227899998000000      13.1885999999999990                      NaN                      NaN       0.0000000000000000
 2451855.5227899998000000      13.0127000000000010                      NaN                      NaN       0.0000000000000000
 2451856.5227899998000000      13.1885999999999990                      NaN                      NaN       0.0000000000000000
 2451857.5227899998000000      12.6610999999999990                      NaN                      NaN       0.0000000000000000
 2451858.5227899998000000      12.6610999999999990                      NaN                      NaN       0.0000000000000000
 2451859.5227899998000000      12.6610999999999990                      NaN                      NaN       0.0000000000000000
 2451860.5227899998000000      12.7490000000000010                      NaN                      NaN       0.0000000000000000
 2451861.5227899998000000      13.0127000000000010                      NaN                      NaN       0.0000000000000000
 2451862.5227899998000000      13.0127000000000010                      NaN                      NaN       0.0000000000000000
 2451863.5227899998000000      13.1007000000000000                      NaN                      NaN       0.0000000000000000
 2451864.5227899998000000      13.1007000000000000                      NaN                      NaN       0.0000000000000000
 2451865.5227899998000000      13.1007000000000000                      NaN                      NaN       0.0000000000000000
 2451866.5227899998000000      13.1007000000000000                      NaN                      NaN       0.0000000000000000
 2451867.5227899998000000      13.1007000000000000                      NaN                      NaN       0.0000000000000000
 2451868.5227899998000000      13.1007000000000000                      NaN                      NaN       0.0000000000000000
 2451869.5227899998000000      12.5731000000000000                      NaN                      NaN       0.0000000000000000
 2451870.5227899998000000      13.1007000000000000                      NaN                      NaN       0.0000000000000000
 2451871.5227899998000000      13.1007000000000000                      NaN                      NaN       0.0000000000000000
 2451872.5227899998000000      13.1007000000000000                      NaN                      NaN       0.0000000000000000
 2451873.5227899998000000      13.1885999999999990                      NaN                      NaN       0.0000000000000000
 2451874.5227899998000000      13.1007000000000000                      NaN                      NaN       0.0000000000000000
 2451875.5227899998000000      13.0127000000000010                      NaN                      NaN       0.0000000000000000
 2451876.5227899998000000      13.1007000000000000                      NaN                      NaN       0.0000000000000000
 2451877.5227899998000000      13.1007000000000000                      NaN                      NaN       0.0000000000000000
 2451878.5227899998000000      12.9247999999999990                      NaN                      NaN       0.0000000000000000
 2451879.5227899998000000      13.1007000000000000                      NaN                      NaN       0.0000000000000000
 2451880.5227899998000000      13.1007000000000000                      NaN                      NaN       0.0000000000000000
 2451881.5227899998000000      13.0127000000000010                      NaN                      NaN       0.0000000000000000
 2451882.5227899998000000      12.6610999999999990                      NaN                      NaN       0.0000000000000000
 2451883.5227899998000000      13.1007000000000000                      NaN                      NaN       0.0000000000000000
 2451884.5227899998000000      12.7490000000000010                      NaN                      NaN       0.0000000000000000
 2451885.5227899998000000      13.1007000000000000                      NaN                      NaN       0.0000000000000000
 2451886.5227899998000000      13.1007000000000000                      NaN                      NaN       0.0000000000000000
 2451887.5227899998000000      12.9247999999999990                      NaN                      NaN       0.0000000000000000
 2451888.5227899998000000      12.9247999999999990                      NaN                      NaN       0.0000000000000000
 2451889.5227899998000000      13.1885999999999990                      NaN                      NaN       0.0000000000000000
 2451890.5227899998000000      13.1885999999999990                      NaN                      NaN       0.0000000000000000
 2451891.5227899998000000      13.0127000000000010                      NaN                      NaN       0.0000000000000000
 2451892.5227899998000000      12.9247999999999990                      NaN                      NaN       0.0000000000000000
 2451893.5227899998000000      12.9247999999999990                      NaN                      NaN       0.0000000000000000
 2451894.5227899998000000      13.1885999999999990                      NaN                      NaN       0.0000000000000000
 2451895.5227899998000000      12.8369000000000000                      NaN                      NaN       0.0000000000000000
 2451896.5227899998000000      13.1885999999999990                      NaN                      NaN       0.0000000000000000
 2451897.5227899998000000      13.1885999999999990                      NaN                      NaN       0.0000000000000000
 2451898.5227899998000000      13.1885999999999990                      NaN                      NaN       0.0000000000000000
 2451899.5227899998000000      12.9247999999999990                      NaN                      NaN       0.0000000000000000
 2451900.5227899998000000      12.8369000000000000                      NaN                      NaN       0.0000000000000000
 2451901.5227899998000000      13.0127000000000010                      NaN                      NaN       0.0000000000000000
 2451902.5227899998000000      12.8369000000000000                      NaN                      NaN       0.0000000000000000
 2451903.5227899998000000      13.1007000000000000                      NaN                      NaN       0.0000000000000000
 2451904.5227899998000000      13.1007000000000000                      NaN                      NaN       0.0000000000000000
 2451905.5227899998000000      12.6610999999999990                      NaN                      NaN       0.0000000000000000
 2451906.5227899998000000      13.1885999999999990                      NaN                      NaN       0.0000000000000000
 2451907.5227899998000000      13.1885999999999990                      NaN                      NaN       0.0000000000000000
 2451908.5227899998000000      13.0127000000000010                      NaN                      NaN       0.0000000000000000
 2451909.5227899998000000      13.0127000000000010                      NaN                      NaN       0.0000000000000000
