Time P3114 A5334 A5335 A5016
 2451522.8722700002000000      11.1663999999999990       0.2469570000000000      38.3233999999999990       0.0000000000000000
 2451523.8722700002000000      14.1557000000000000       0.1182900000000000      -0.4793870000000000       0.0000000000000000
 2451524.8722700002000000      11.5181000000000000       0.7823760000000000      -1.1579999999999999       0.0000000000000000
 2451525.8722700002000000      14.1557000000000000      -0.0249032000000000      -0.0539570000000000       0.0000000000000000
 2451526.8722700002000000      11.7819000000000000       0.2843120000000000      34.4602999999999970       0.0000000000000000
 2451527.8722700002000000      14.0678000000000000      -0.0456559000000000      -0.0830108000000000       0.0000000000000000
 2451528.8722700002000000      14.0678000000000000      -0.2033760000000000      -0.8529350000000000       0.0000000000000000
 2451529.8722700002000000      14.0678000000000000       0.4627850000000000      -0.9753760000000000       0.0000000000000000
 2451530.8722700002000000      14.0678000000000000       0.4627850000000000      -1.2513900000000000       0.0000000000000000
 2451531.8722700002000000      14.0678000000000000       5.0055600000000000      -8.6584800000000008       0.0000000000000000
 2451532.8722700002000000      14.0678000000000000      18.4316999999999990     -18.1585000000000000       0.0000000000000000
 2451533.8722700002000000      14.0678000000000000      -0.5914520000000000      -3.1419600000000001       0.0000000000000000
 2451534.8722700002000000      14.0678000000000000       0.0830108000000000      -2.5588099999999998       0.0000000000000000
 2451535.8722700002000000      14.0678000000000000      -0.5105160000000000      -2.6854000000000000       0.0000000000000000
 2451536.8722700002000000      14.0678000000000000      -0.5105160000000000      -2.9655600000000000       0.0000000000000000
 2451537.8722700002000000      14.0678000000000000      -1.0791400000000000      -3.0921500000000002       0.0000000000000000
 2451538.8722700002000000      14.0678000000000000       0.0788602000000000      -3.7164999999999999       0.0000000000000000
 2451539.8722700002000000      14.0678000000000000      -0.5354190000000000      -3.8464399999999999       0.0000000000000000
 2451540.8722700002000000      14.0678000000000000     -10.3109000000000000     -12.7493000000000000       0.0000000000000000
 2451541.8722700002000000      14.0678000000000000      -1.1704500000000000      -4.3868099999999997       0.0000000000000000
 2451542.8722700002000000      14.0678000000000000       0.0000000000000000      -4.8364399999999996       0.0000000000000000
 2451543.8722700002000000      14.0678000000000000       0.0000000000000000      -4.9251300000000002       0.0000000000000000
