Time P3114 A5334 A5335 A5016
 2454832.5366699998000000      11.0785000000000000      -0.2573330000000000     -17.7698000000000000       0.0000000000000000
 2454833.5366699998000000      11.0785000000000000       0.0601828000000000      19.1228000000000020       0.0000000000000000
 2454834.5366699998000000      11.0785000000000000      -0.2511080000000000     -17.0104000000000010       0.0000000000000000
 2454835.5366699998000000      11.4301999999999990       0.5727740000000000      -0.1909250000000000       0.0000000000000000
 2454836.5366699998000000      11.4301999999999990      -0.3195910000000000       8.5750899999999994       0.0000000000000000
 2454837.5366699998000000      10.9906000000000010       9.2890200000000007     -17.2303000000000000       0.0000000000000000
 2454838.5366699998000000      11.0785000000000000       8.4998299999999993     -16.4954000000000000       0.0000000000000000
 2454839.5366699998000000      11.1663999999999990      -0.0747097000000000     -16.9351999999999980       0.0000000000000000
 2454840.5366699998000000      11.4301999999999990      -0.4150540000000000      -1.6415400000000000       0.0000000000000000
 2454841.5366699998000000      11.1663999999999990       6.1749999999999998     -14.3407000000000000       0.0000000000000000
 2454842.5366699998000000      11.2544000000000000       5.3850600000000002     -13.6191999999999990       0.0000000000000000
 2454843.5366699998000000      11.2544000000000000       4.6693699999999998     -12.9229000000000000       0.0000000000000000
 2454844.5366699998000000      11.2544000000000000       3.9144999999999999     -12.2284000000000010       0.0000000000000000
 2454845.5366699998000000      11.3423000000000000       0.1348920000000000      -9.5107300000000006       0.0000000000000000
 2454846.5366699998000000      11.4301999999999990       0.2863870000000000      -1.7390800000000000       0.0000000000000000
 2454847.5366699998000000      11.3423000000000000       1.6726700000000001     -10.0884000000000000       0.0000000000000000
 2454848.5366699998000000      11.3423000000000000       0.9359459999999999      -9.3642800000000008       0.0000000000000000
 2454849.5366699998000000      11.3423000000000000       0.2033760000000000      -8.6544200000000000       0.0000000000000000
 2454850.5366699998000000      11.3423000000000000      -0.5271180000000000      -7.9445499999999996       0.0000000000000000
 2454851.5366699998000000      11.4301999999999990       0.4316560000000000      -4.4858099999999999       0.0000000000000000
 2454852.5366699998000000      11.2544000000000000       0.0435806000000000     -14.3658000000000000       0.0000000000000000
 2454853.5366699998000000      11.3423000000000000      -2.7082299999999999      -5.8078799999999999       0.0000000000000000
 2454854.5366699998000000      11.3423000000000000      -3.4304199999999998      -5.0860000000000003       0.0000000000000000
 2454855.5366699998000000      11.3423000000000000      -4.1558099999999998      -4.3826900000000002       0.0000000000000000
 2454856.5366699998000000      11.3423000000000000      -4.8735600000000003      -3.6752500000000001       0.0000000000000000
 2454857.5366699998000000      11.3423000000000000      -0.1909250000000000      -7.5836899999999998       0.0000000000000000
 2454858.5366699998000000      11.0785000000000000      -0.3341180000000000      18.8148000000000020       0.0000000000000000
 2454859.5366699998000000      11.1663999999999990       6.3358800000000004      14.6590000000000010       0.0000000000000000
 2454860.5366699998000000      11.3423000000000000      -6.6143099999999997      -0.8363330000000000       0.0000000000000000
 2454861.5366699998000000      11.4301999999999990       0.5229680000000000       3.4034399999999998       0.0000000000000000
 2454862.5366699998000000      11.4301999999999990      -0.4793870000000000       0.4088280000000000       0.0000000000000000
 2454863.5366699998000000      11.2544000000000000      -0.0684839000000000      12.6316000000000010       0.0000000000000000
 2454864.5366699998000000      11.4301999999999990       0.1182900000000000      -4.8261300000000000       0.0000000000000000
 2454865.5366699998000000      11.0785000000000000      -0.7906770000000000      18.8148000000000020       0.0000000000000000
 2454866.5366699998000000      11.4301999999999990       0.4482580000000000       0.0352796000000000       0.0000000000000000
 2454867.5366699998000000      10.9906000000000010       0.2158280000000000      19.4546999999999990       0.0000000000000000
 2454868.5366699998000000      11.4301999999999990       0.2262040000000000       4.9106899999999998       0.0000000000000000
 2454869.5366699998000000      11.4301999999999990       0.2511080000000000      -4.1021900000000002       0.0000000000000000
 2454870.5366699998000000      11.4301999999999990      -0.4026020000000000      -3.3349600000000001       0.0000000000000000
 2454871.5366699998000000      11.0785000000000000      -0.0747097000000000     -16.3874000000000000       0.0000000000000000
 2454872.5366699998000000      11.3423000000000000      -0.5208930000000001       7.2103700000000002       0.0000000000000000
 2454873.5366699998000000      11.2544000000000000      -0.1120650000000000     -10.5501000000000000       0.0000000000000000
 2454874.5366699998000000      11.3423000000000000      -0.3610970000000000       8.3920300000000001       0.0000000000000000
 2454875.5366699998000000      11.3423000000000000      -0.0560323000000000       9.9500700000000002       0.0000000000000000
 2454876.5366699998000000      11.3423000000000000       0.3943010000000000      -3.6047400000000001       0.0000000000000000
 2454877.5366699998000000      11.2544000000000000      -0.1514950000000000     -11.6464000000000000       0.0000000000000000
 2454878.5366699998000000      11.2544000000000000       0.1369680000000000     -10.6843000000000000       0.0000000000000000
 2454879.5366699998000000      11.0785000000000000      -0.1411180000000000     -16.2523000000000020       0.0000000000000000
 2454880.5366699998000000      11.2544000000000000      -0.3320430000000000      10.7657000000000010       0.0000000000000000
 2454881.5366699998000000      11.3423000000000000       0.1452690000000000      -5.4778799999999999       0.0000000000000000
 2454882.5366699998000000      11.3423000000000000      -0.2552580000000000      -6.3853799999999996       0.0000000000000000
 2454883.5366699998000000      11.3423000000000000       0.2448820000000000      -5.1437499999999998       0.0000000000000000
 2454884.5366699998000000      11.3423000000000000      -0.4482580000000000      -5.8491200000000001       0.0000000000000000
 2454885.5366699998000000      11.1663999999999990       0.3776990000000000      14.9194000000000000       0.0000000000000000
 2454886.5366699998000000      10.9906000000000010      -0.0954624000000000     -17.7716999999999990       0.0000000000000000
 2454887.5366699998000000      11.3423000000000000      -0.0684839000000000      -3.3909899999999999       0.0000000000000000
 2454888.5366699998000000      10.9026999999999990      -0.5437200000000000     -18.6352000000000010       0.0000000000000000
 2454889.5366699998000000      11.3423000000000000       0.1639460000000000      -6.4988099999999998       0.0000000000000000
 2454890.5366699998000000      11.3423000000000000      -0.3818490000000000      -5.6655600000000002       0.0000000000000000
 2454891.5366699998000000      11.2544000000000000       0.0684839000000000      -8.6259399999999999       0.0000000000000000
 2454892.5366699998000000      10.9026999999999990       0.5935270000000000     -17.9256999999999990       0.0000000000000000
 2454893.5366699998000000      10.9906000000000010       0.1452690000000000      18.4041999999999990       0.0000000000000000
 2454894.5366699998000000      10.9026999999999990     -11.3016000000000010     -14.7593000000000000       0.0000000000000000
 2454895.5366699998000000      11.0785000000000000       0.1245160000000000      16.6863999999999990       0.0000000000000000
 2454896.5366699998000000      10.9906000000000010      -0.5623980000000000     -15.6504999999999990       0.0000000000000000
 2454897.5366699998000000      11.1663999999999990      -0.2677100000000000      11.4857000000000000       0.0000000000000000
 2454898.5366699998000000      11.1663999999999990       0.6288060000000000      11.9140000000000000       0.0000000000000000
 2454899.5366699998000000      11.3423000000000000       0.1369680000000000       4.9292499999999997       0.0000000000000000
 2454900.5366699998000000      11.1663999999999990       0.2448820000000000     -10.3854000000000010       0.0000000000000000
 2454901.5366699998000000      11.3423000000000000       1.3344000000000000      -0.4088280000000000       0.0000000000000000
 2454902.5366699998000000      11.2544000000000000      -0.5644730000000000       9.0693500000000000       0.0000000000000000
 2454903.5366699998000000      11.1663999999999990       0.1494190000000000      10.2409000000000000       0.0000000000000000
 2454904.5366699998000000      11.2544000000000000      -0.3693980000000000      -6.8886300000000000       0.0000000000000000
 2454905.5366699998000000      10.9906000000000010       0.1328170000000000      15.7547000000000000       0.0000000000000000
 2454906.5366699998000000      11.2544000000000000      -0.6184300000000000       8.5018700000000003       0.0000000000000000
 2454907.5366699998000000      11.1663999999999990       0.3050650000000000      -9.9215999999999998       0.0000000000000000
 2454908.5366699998000000      11.1663999999999990       0.1162150000000000      -9.0734200000000005       0.0000000000000000
 2454909.5366699998000000      11.1663999999999990       0.1784730000000000      11.5833999999999990       0.0000000000000000
 2454910.5366699998000000      11.2544000000000000       0.6889890000000000       5.9419399999999998       0.0000000000000000
 2454911.5366699998000000      10.8148000000000000      -3.2644000000000002     -18.6792000000000020       0.0000000000000000
 2454912.5366699998000000      10.8148000000000000      -2.9116000000000000     -17.7917999999999990       0.0000000000000000
 2454913.5366699998000000      11.1663999999999990      -6.9216300000000004       7.8591199999999999       0.0000000000000000
 2454914.5366699998000000      10.8148000000000000       0.1701720000000000     -19.1778000000000010       0.0000000000000000
 2454915.5366699998000000      10.9026999999999990       0.1058390000000000     -16.1712999999999990       0.0000000000000000
 2454916.5366699998000000      10.9906000000000010      -0.7533230000000000     -14.3812000000000000       0.0000000000000000
 2454917.5366699998000000      11.2544000000000000       0.0456559000000000      -4.1846899999999998       0.0000000000000000
 2454918.5366699998000000      11.2544000000000000      -0.5831510000000000       5.4551900000000000       0.0000000000000000
 2454919.5366699998000000      11.1663999999999990      -0.9380210000000000       7.7301200000000003       0.0000000000000000
 2454920.5366699998000000      11.1663999999999990      -0.6620110000000000      -5.8285000000000000       0.0000000000000000
 2454921.5366699998000000      10.9906000000000010       0.0166022000000000     -14.4661000000000010       0.0000000000000000
 2454922.5366699998000000      10.6389000000000000      -8.3054100000000002     -18.6260000000000010       0.0000000000000000
 2454923.5366699998000000      10.9906000000000010       0.0041505400000000     -12.7049000000000000       0.0000000000000000
 2454924.5366699998000000      11.0785000000000000       0.5976770000000000      -9.0835899999999992       0.0000000000000000
 2454925.5366699998000000      11.0785000000000000       0.0186774000000000     -11.5488000000000000       0.0000000000000000
 2454926.5366699998000000      11.1663999999999990       0.0539570000000000      -4.8611899999999997       0.0000000000000000
 2454927.5366699998000000      10.8148000000000000      -0.0290538000000000      18.4005000000000010       0.0000000000000000
 2454928.5366699998000000      11.1663999999999990       0.0809355000000000       8.0909999999999993       0.0000000000000000
 2454929.5366699998000000      11.1663999999999990      -0.0269785000000000       4.7807500000000003       0.0000000000000000
 2454930.5366699998000000      11.0785000000000000       3.7721900000000002      -8.5120400000000007       0.0000000000000000
 2454931.5366699998000000      10.9026999999999990       0.1141400000000000     -14.5760000000000010       0.0000000000000000
 2454932.5366699998000000      11.1663999999999990       0.9587740000000000       6.3791900000000004       0.0000000000000000
 2454933.5366699998000000      10.9906000000000010      10.3589000000000000       8.9168000000000003       0.0000000000000000
 2454934.5366699998000000      11.1663999999999990       3.4719199999999999      -2.3118500000000002       0.0000000000000000
 2454935.5366699998000000      11.1663999999999990       0.0975376000000000      -3.7639399999999998       0.0000000000000000
 2454936.5366699998000000      10.7269000000000010      -0.0705591000000000      19.0458000000000000       0.0000000000000000
 2454937.5366699998000000      10.9906000000000010      -0.0207527000000000      11.1644000000000010       0.0000000000000000
 2454938.5366699998000000      10.7269000000000010      -0.0975376000000000      19.1888000000000010       0.0000000000000000
 2454939.5366699998000000      10.7269000000000010       0.0539570000000000     -18.7177000000000010       0.0000000000000000
 2454940.5366699998000000      10.7269000000000010      -0.1763980000000000      17.3768999999999990       0.0000000000000000
 2454941.5366699998000000      10.7269000000000010      -0.1162150000000000     -17.4618000000000000       0.0000000000000000
 2454942.5366699998000000      10.7269000000000010      -1.3862800000000000      17.8670000000000010       0.0000000000000000
 2454943.5366699998000000      10.7269000000000010      -0.0809355000000000     -16.9969000000000000       0.0000000000000000
 2454944.5366699998000000      10.6389000000000000      -0.0477312000000000      19.4747999999999980       0.0000000000000000
 2454945.5366699998000000      10.7269000000000010      -0.0913118000000000     -17.7807999999999990       0.0000000000000000
 2454946.5366699998000000      10.6389000000000000      -0.0933871000000000      19.5243000000000000       0.0000000000000000
 2454947.5366699998000000      10.7269000000000010       0.0498065000000000      17.9714999999999990       0.0000000000000000
 2454948.5366699998000000      10.6389000000000000      -0.0290538000000000      19.4785000000000000       0.0000000000000000
 2454949.5366699998000000      10.6389000000000000       0.2365810000000000      19.1888000000000010       0.0000000000000000
 2454950.5366699998000000      10.6389000000000000      -0.0228280000000000      19.4785000000000000       0.0000000000000000
 2454951.5366699998000000      10.9026999999999990       0.0788602000000000     -11.1114999999999990       0.0000000000000000
 2454952.5366699998000000      10.6389000000000000      -0.0581075000000000      19.4454999999999990       0.0000000000000000
 2454953.5366699998000000      10.9906000000000010       0.0830108000000000      11.0017000000000000       0.0000000000000000
 2454954.5366699998000000      10.6389000000000000      -0.0103763000000000      19.4070000000000000       0.0000000000000000
 2454955.5366699998000000      11.0785000000000000      -0.0518817000000000      -5.3211300000000001       0.0000000000000000
 2454956.5366699998000000      10.6389000000000000      -0.0041505400000000      19.3372999999999990       0.0000000000000000
 2454957.5366699998000000      11.0785000000000000      -0.0394301000000000       1.9382999999999999       0.0000000000000000
 2454958.5366699998000000      10.6389000000000000       0.0020752700000000      19.2420000000000010       0.0000000000000000
 2454959.5366699998000000      10.6389000000000000      -0.0913118000000000     -17.7276999999999990       0.0000000000000000
 2454960.5366699998000000      10.6389000000000000       0.0062258100000000      19.1247000000000010       0.0000000000000000
 2454961.5366699998000000      10.9906000000000010       0.0684839000000000      -7.0226899999999999       0.0000000000000000
 2454962.5366699998000000      10.6389000000000000       0.0124516000000000      18.9834999999999990       0.0000000000000000
 2454963.5366699998000000      10.7269000000000010      -0.2241290000000000      15.9514000000000000       0.0000000000000000
 2454964.5366699998000000      10.6389000000000000       0.0186774000000000      18.8203000000000000       0.0000000000000000
 2454965.5366699998000000      10.6389000000000000      -0.9940540000000000      18.7745000000000000       0.0000000000000000
 2454966.5366699998000000      10.6389000000000000      -0.0539570000000000      18.6462000000000000       0.0000000000000000
 2454967.5366699998000000      10.9906000000000010      -0.0269785000000000      -7.3176300000000003       0.0000000000000000
 2454968.5366699998000000      10.6389000000000000      -0.0560323000000000      18.4482000000000000       0.0000000000000000
 2454969.5366699998000000      10.7269000000000010      -0.0518817000000000     -14.2558000000000010       0.0000000000000000
 2454970.5366699998000000      10.6389000000000000      -0.0539570000000000      18.2244999999999990       0.0000000000000000
 2454971.5366699998000000      10.9906000000000010       0.0601828000000000      -2.2703400000000000       0.0000000000000000
 2454972.5366699998000000      10.6389000000000000      -0.0560323000000000      17.9843000000000010       0.0000000000000000
 2454973.5366699998000000      10.5510000000000000      -0.0601828000000000     -17.6744999999999980       0.0000000000000000
 2454974.5366699998000000      10.6389000000000000       0.0415054000000000      17.7222000000000010       0.0000000000000000
 2454975.5366699998000000      10.9906000000000010       0.0435806000000000       6.8762499999999998       0.0000000000000000
 2454976.5366699998000000      10.6389000000000000       0.0166022000000000      17.4483000000000000       0.0000000000000000
 2454977.5366699998000000      10.8148000000000000      -0.0892366000000000     -12.0143000000000000       0.0000000000000000
 2454978.5366699998000000      10.6389000000000000       0.0456559000000000      17.1127000000000000       0.0000000000000000
 2454979.5366699998000000      10.6389000000000000      -0.0062258100000000     -15.8434000000000010       0.0000000000000000
 2454980.5366699998000000      10.6389000000000000       0.0415054000000000      16.7770000000000010       0.0000000000000000
 2454981.5366699998000000      10.7269000000000010      -1.5875800000000000      14.7014000000000000       0.0000000000000000
 2454982.5366699998000000      10.6389000000000000       0.0415054000000000      16.4316999999999990       0.0000000000000000
 2454983.5366699998000000      10.7269000000000010      -0.0083010800000000     -13.4321000000000000       0.0000000000000000
 2454984.5366699998000000      10.6389000000000000       0.0394301000000000      16.0690999999999990       0.0000000000000000
 2454985.5366699998000000      10.8148000000000000      -0.0664086000000000     -11.5406999999999990       0.0000000000000000
 2454986.5366699998000000      10.6389000000000000       0.0394301000000000      15.6852000000000000       0.0000000000000000
 2454987.5366699998000000      10.5510000000000000      -0.0601828000000000     -18.1182000000000020       0.0000000000000000
 2454988.5366699998000000      10.7269000000000010       0.0352796000000000      15.2878000000000010       0.0000000000000000
 2454989.5366699998000000      10.4631000000000010      -0.0373548000000000     -19.3318000000000010       0.0000000000000000
 2454990.5366699998000000      10.7269000000000010       0.0352796000000000      14.8653999999999990       0.0000000000000000
 2454991.5366699998000000      10.9026999999999990       0.0581075000000000       6.6514400000000000       0.0000000000000000
 2454992.5366699998000000      10.7269000000000010       0.0332043000000000      14.4429000000000000       0.0000000000000000
 2454993.5366699998000000      10.5510000000000000       0.1680970000000000      17.6102999999999990       0.0000000000000000
 2454994.5366699998000000      10.7269000000000010       0.0311290000000000      14.0050000000000010       0.0000000000000000
 2454995.5366699998000000      10.6389000000000000       0.1535700000000000      15.7817000000000010       0.0000000000000000
 2454996.5366699998000000      10.7269000000000010       0.0311290000000000      13.5497999999999990       0.0000000000000000
 2454997.5366699998000000      10.9026999999999990       0.0518817000000000       9.8951600000000006       0.0000000000000000
 2454998.5366699998000000      10.7269000000000010       0.0269785000000000      13.0791000000000000       0.0000000000000000
 2454999.5366699998000000      10.4631000000000010       9.2686799999999998      18.3950000000000000       0.0000000000000000
 2455000.5366699998000000      10.8148000000000000       0.0269785000000000      12.6027000000000000       0.0000000000000000
 2455001.5366699998000000      10.9026999999999990       0.1079140000000000       6.3791900000000004       0.0000000000000000
 2455002.5366699998000000      10.8148000000000000       0.0228280000000000      12.0510000000000000       0.0000000000000000
 2455003.5366699998000000      10.9026999999999990       0.0456559000000000       5.7831200000000003       0.0000000000000000
 2455004.5366699998000000      10.8148000000000000       0.0394301000000000      11.5305000000000000       0.0000000000000000
 2455005.5366699998000000      10.9026999999999990      -0.0332043000000000      -7.0659999999999998       0.0000000000000000
 2455006.5366699998000000      10.8148000000000000       0.0373548000000000      10.9854000000000000       0.0000000000000000
 2455007.5366699998000000      10.6389000000000000       0.0830108000000000      16.2118000000000000       0.0000000000000000
 2455008.5366699998000000      10.8148000000000000       0.0352796000000000      10.4403000000000010       0.0000000000000000
 2455009.5366699998000000      10.4631000000000010       0.1743230000000000      18.8900000000000010       0.0000000000000000
 2455010.5366699998000000      10.8148000000000000       0.0332043000000000       9.8890499999999992       0.0000000000000000
 2455011.5366699998000000      10.4631000000000010      -0.1722470000000000     -19.0770000000000020       0.0000000000000000
 2455012.5366699998000000      10.8148000000000000       0.0643333000000000       9.3337699999999995       0.0000000000000000
 2455013.5366699998000000      10.9906000000000010      -0.0664086000000000      -1.7183200000000001       0.0000000000000000
 2455014.5366699998000000      10.9026999999999990       0.0269785000000000       8.7398399999999992       0.0000000000000000
 2455015.5366699998000000      10.2873000000000000       8.6971299999999996     -19.8232000000000000       0.0000000000000000
 2455016.5366699998000000      10.9026999999999990       0.0249032000000000       8.1723599999999994       0.0000000000000000
 2455017.5366699998000000      10.2873000000000000      12.6933000000000010      19.0807000000000000       0.0000000000000000
 2455018.5366699998000000      10.9026999999999990       0.0207527000000000       7.5795599999999999       0.0000000000000000
 2455019.5366699998000000      10.7269000000000010       0.0664086000000000      13.5807000000000000       0.0000000000000000
 2455020.5366699998000000      10.9026999999999990       0.0186774000000000       6.9752500000000000       0.0000000000000000
 2455021.5366699998000000      10.7269000000000010       0.0560323000000000      13.3394999999999990       0.0000000000000000
 2455022.5366699998000000      10.9026999999999990       0.0166022000000000       6.3668100000000001       0.0000000000000000
 2455023.5366699998000000      10.8148000000000000       4.7168099999999997      -9.3317399999999999       0.0000000000000000
 2455024.5366699998000000      10.9026999999999990       0.0124516000000000       5.7645600000000004       0.0000000000000000
 2455025.5366699998000000      10.9906000000000010       0.1930000000000000       3.1585600000000000       0.0000000000000000
 2455026.5366699998000000      10.9026999999999990       0.0103763000000000       5.1458100000000000       0.0000000000000000
 2455027.5366699998000000      10.8148000000000000      -0.0975376000000000     -11.3983000000000010       0.0000000000000000
 2455028.5366699998000000      10.9026999999999990       0.0062258100000000       4.5167500000000000       0.0000000000000000
 2455029.5366699998000000      10.8148000000000000       3.9124400000000001      10.9568999999999990       0.0000000000000000
 2455030.5366699998000000      10.9026999999999990       0.0020752700000000       3.9021200000000000       0.0000000000000000
 2455031.5366699998000000      10.9906000000000010      -0.1328170000000000      -1.1683800000000000       0.0000000000000000
 2455032.5366699998000000      10.9026999999999990       0.0000000000000000       3.2706200000000001       0.0000000000000000
 2455033.5366699998000000      10.9906000000000010      -0.0684839000000000      -2.0524399999999998       0.0000000000000000
 2455034.5366699998000000      10.9906000000000010      -0.2946880000000000       1.1870499999999999       0.0000000000000000
 2455035.5366699998000000      10.8148000000000000       0.1826240000000000      10.6355000000000000       0.0000000000000000
 2455036.5366699998000000      10.9906000000000010      -0.2905380000000000       1.7079500000000001       0.0000000000000000
 2455037.5366699998000000      10.6389000000000000      -0.1286670000000000     -15.4652999999999990       0.0000000000000000
 2455038.5366699998000000      10.9906000000000010      -1.0127299999999999       1.5792800000000000       0.0000000000000000
 2455039.5366699998000000      10.9026999999999990      -3.0195200000000000       4.2548100000000000       0.0000000000000000
 2455040.5366699998000000      10.9906000000000010      -1.3551500000000001       0.5748490000000001       0.0000000000000000
 2455041.5366699998000000      10.9026999999999990      -4.3909399999999996       2.9033000000000002       0.0000000000000000
 2455042.5366699998000000      10.9026999999999990      -0.2780860000000000       8.6300100000000004       0.0000000000000000
 2455043.5366699998000000      10.6389000000000000       0.0913118000000000      17.1666999999999990       0.0000000000000000
 2455044.5366699998000000      10.9906000000000010      -0.0788602000000000       0.4358060000000000       0.0000000000000000
 2455045.5366699998000000      10.7269000000000010       0.0788602000000000      15.4962000000000000       0.0000000000000000
 2455046.5366699998000000      10.9906000000000010      -0.8114300000000000      -2.7248299999999999       0.0000000000000000
 2455047.5366699998000000      10.7269000000000010       0.0684839000000000      13.8469000000000000       0.0000000000000000
 2455048.5366699998000000      10.9906000000000010      -0.8052040000000000      -2.4135399999999998       0.0000000000000000
 2455049.5366699998000000      10.8148000000000000       0.0581075000000000      12.2149000000000000       0.0000000000000000
 2455050.5366699998000000      10.9906000000000010      -0.8010540000000000      -2.1001699999999999       0.0000000000000000
 2455051.5366699998000000      10.8148000000000000      -0.1494190000000000     -10.7657000000000010       0.0000000000000000
 2455052.5366699998000000      10.9026999999999990      -0.6433330000000000      -7.3712499999999999       0.0000000000000000
 2455053.5366699998000000      10.5510000000000000      -8.4197199999999999     -16.0344000000000020       0.0000000000000000
 2455054.5366699998000000      10.7269000000000010       0.3092150000000000     -13.2083999999999990       0.0000000000000000
 2455055.5366699998000000      10.5510000000000000      -3.0900799999999999      18.6572000000000000       0.0000000000000000
 2455056.5366699998000000      10.9026999999999990       5.4551900000000000      -5.0612500000000002       0.0000000000000000
 2455057.5366699998000000      10.9906000000000010      -0.1120650000000000      -2.4820199999999999       0.0000000000000000
 2455058.5366699998000000      10.9906000000000010      -0.2718600000000000       0.3818490000000000       0.0000000000000000
 2455059.5366699998000000      10.9906000000000010       0.1224410000000000      -0.4939140000000000       0.0000000000000000
 2455060.5366699998000000      10.9906000000000010      -0.1037630000000000      -2.9634800000000001       0.0000000000000000
 2455061.5366699998000000      10.8148000000000000       0.0186774000000000      12.1995000000000000       0.0000000000000000
 2455062.5366699998000000      10.9906000000000010      -0.7761510000000000      -0.1556450000000000       0.0000000000000000
 2455063.5366699998000000      10.7269000000000010       0.0207527000000000     -15.7141000000000000       0.0000000000000000
 2455064.5366699998000000      10.6389000000000000       0.2863870000000000     -16.8793000000000010       0.0000000000000000
 2455065.5366699998000000      10.6389000000000000       0.0124516000000000     -17.6525000000000000       0.0000000000000000
 2455066.5366699998000000      10.7269000000000010      -0.7201180000000000      15.8279999999999990       0.0000000000000000
 2455067.5366699998000000      10.9906000000000010      -0.0415054000000000      -6.0739400000000003       0.0000000000000000
 2455068.5366699998000000      10.9026999999999990      -0.2801610000000000      -8.4977999999999998       0.0000000000000000
 2455069.5366699998000000      10.7269000000000010      -0.2075270000000000     -15.8722999999999990       0.0000000000000000
 2455070.5366699998000000      11.0785000000000000      -0.7595480000000000       1.1496999999999999       0.0000000000000000
 2455071.5366699998000000      10.8148000000000000       0.0269785000000000      14.5200999999999990       0.0000000000000000
 2455072.5366699998000000      10.9026999999999990       0.1162150000000000     -10.0213000000000000       0.0000000000000000
 2455073.5366699998000000      10.9026999999999990       5.7872500000000002      10.3142000000000000       0.0000000000000000
 2455074.5366699998000000      10.9026999999999990       0.1930000000000000      -9.7649799999999995       0.0000000000000000
 2455075.5366699998000000      10.9906000000000010      -0.1224410000000000      -5.7315600000000000       0.0000000000000000
 2455076.5366699998000000      10.7269000000000010      -0.4109030000000000     -16.8715000000000010       0.0000000000000000
 2455077.5366699998000000      10.6389000000000000       0.0062258100000000      19.3996999999999990       0.0000000000000000
 2455078.5366699998000000      11.0785000000000000       0.4254300000000000      -3.5279600000000002       0.0000000000000000
 2455079.5366699998000000      10.9026999999999990       0.0996129000000000      13.0078000000000000       0.0000000000000000
 2455080.5366699998000000      10.5510000000000000      -0.0415054000000000     -19.5702000000000000       0.0000000000000000
 2455081.5366699998000000      10.7269000000000010      -0.0850860000000000     -16.6748000000000010       0.0000000000000000
 2455082.5366699998000000      11.0785000000000000       0.5437200000000000       3.2104400000000002       0.0000000000000000
 2455083.5366699998000000      10.5510000000000000      -0.2780860000000000     -19.4602000000000000       0.0000000000000000
 2455084.5366699998000000      11.0785000000000000       0.1722470000000000       1.6705900000000000       0.0000000000000000
 2455085.5366699998000000      11.0785000000000000       0.0539570000000000       3.3826900000000002       0.0000000000000000
 2455086.5366699998000000      10.6389000000000000       0.7491720000000000     -19.0916999999999990       0.0000000000000000
 2455087.5366699998000000      10.6389000000000000      -0.2760110000000000     -18.9137999999999980       0.0000000000000000
 2455088.5366699998000000      10.9906000000000010       0.1016880000000000     -10.8125000000000000       0.0000000000000000
 2455089.5366699998000000      10.9906000000000010      -0.0705591000000000      -9.8178599999999996       0.0000000000000000
 2455090.5366699998000000      10.9906000000000010       0.1099890000000000      -8.8761200000000002       0.0000000000000000
 2455091.5366699998000000      11.0785000000000000      -0.0601828000000000      -7.8936999999999999       0.0000000000000000
 2455092.5366699998000000      11.0785000000000000       0.1182900000000000      -6.9443099999999998       0.0000000000000000
 2455093.5366699998000000      11.0785000000000000      -0.0518817000000000      -5.9584400000000004       0.0000000000000000
 2455094.5366699998000000      11.1663999999999990       0.1224410000000000      -0.1577200000000000       0.0000000000000000
 2455095.5366699998000000      10.7269000000000010      -0.1037630000000000     -18.2098000000000010       0.0000000000000000
 2455096.5366699998000000      11.1663999999999990       0.7284190000000000      -2.0150899999999998       0.0000000000000000
 2455097.5366699998000000      10.8148000000000000      -0.0913118000000000     -16.2523000000000020       0.0000000000000000
 2455098.5366699998000000      10.8148000000000000       0.7201180000000000     -17.1860000000000000       0.0000000000000000
 2455099.5366699998000000      10.8148000000000000      -1.7951100000000000     -16.6921000000000000       0.0000000000000000
 2455100.5366699998000000      10.8148000000000000       0.7180430000000000     -16.2041000000000000       0.0000000000000000
 2455101.5366699998000000      10.9026999999999990      -0.2656340000000000     -15.3592000000000000       0.0000000000000000
 2455102.5366699998000000      11.1663999999999990      -0.2241290000000000       6.9587500000000002       0.0000000000000000
 2455103.5366699998000000      10.9026999999999990       0.1452690000000000     -13.8816000000000010       0.0000000000000000
 2455104.5366699998000000      10.9026999999999990      -0.6889890000000000     -14.7457999999999990       0.0000000000000000
 2455105.5366699998000000      11.0785000000000000      -2.0669700000000000      -9.3154699999999995       0.0000000000000000
 2455106.5366699998000000      11.1663999999999990       0.0145269000000000      -7.4826300000000003       0.0000000000000000
 2455107.5366699998000000      11.1663999999999990      -0.0352796000000000      -6.4637500000000001       0.0000000000000000
 2455108.5366699998000000      11.1663999999999990       0.0228280000000000      -5.5046900000000001       0.0000000000000000
 2455109.5366699998000000      11.1663999999999990      -0.0207527000000000      -4.4940600000000002       0.0000000000000000
 2455110.5366699998000000      11.1663999999999990       0.0332043000000000      -3.5424799999999999       0.0000000000000000
 2455111.5366699998000000      11.2544000000000000      -0.0498065000000000       3.0070600000000001       0.0000000000000000
 2455112.5366699998000000      11.1663999999999990      -0.1058390000000000       7.0824999999999996       0.0000000000000000
 2455113.5366699998000000      11.0785000000000000      -0.2594090000000000     -11.2029999999999990       0.0000000000000000
 2455114.5366699998000000      11.0785000000000000      -0.0394301000000000      12.8534000000000010       0.0000000000000000
 2455115.5366699998000000      11.0785000000000000      -0.2511080000000000      -9.9866899999999994       0.0000000000000000
 2455116.5366699998000000      11.1663999999999990       0.7055910000000000      -9.3276699999999995       0.0000000000000000
 2455117.5366699998000000      11.2544000000000000       0.2345050000000000       3.6213400000000000       0.0000000000000000
 2455118.5366699998000000      11.2544000000000000       0.0705591000000000       4.3393800000000002       0.0000000000000000
 2455119.5366699998000000      11.1663999999999990      -0.2365810000000000      -8.6523800000000008       0.0000000000000000
 2455120.5366699998000000      11.0785000000000000      -0.1182900000000000      13.3317999999999990       0.0000000000000000
 2455121.5366699998000000      10.9906000000000010       0.3860000000000000      15.5597999999999990       0.0000000000000000
 2455122.5366699998000000      11.1663999999999990       0.6972900000000000      -6.7298099999999996       0.0000000000000000
 2455123.5366699998000000      10.9906000000000010      -2.2122400000000000     -13.8950999999999990       0.0000000000000000
 2455124.5366699998000000      11.2544000000000000       0.7014410000000000      -5.5892499999999998       0.0000000000000000
 2455125.5366699998000000      11.1663999999999990       0.0996129000000000      10.5703999999999990       0.0000000000000000
 2455126.5366699998000000      11.0785000000000000       0.1079140000000000      12.3133000000000000       0.0000000000000000
 2455127.5366699998000000      11.0785000000000000      -0.2033760000000000     -12.8302999999999990       0.0000000000000000
 2455128.5366699998000000      10.6389000000000000      14.3716000000000010      17.8614999999999990       0.0000000000000000
 2455129.5366699998000000      10.7269000000000010      13.4186000000000000      17.3306000000000000       0.0000000000000000
 2455130.5366699998000000      10.9026999999999990      -0.5478710000000000     -16.6979000000000010       0.0000000000000000
 2455131.5366699998000000      11.2544000000000000       5.4984999999999999       6.6060600000000003       0.0000000000000000
 2455132.5366699998000000      11.3423000000000000       0.3839250000000000       0.7159680000000001       0.0000000000000000
 2455133.5366699998000000      11.1663999999999990      -6.7793099999999997       6.4534399999999996       0.0000000000000000
 2455134.5366699998000000      10.8148000000000000      12.9923000000000000      16.7982000000000010       0.0000000000000000
 2455135.5366699998000000      11.0785000000000000      -0.3154410000000000     -13.4957999999999990       0.0000000000000000
 2455136.5366699998000000      10.9026999999999990      11.5040999999999990      16.0286000000000010       0.0000000000000000
 2455137.5366699998000000      11.0785000000000000       0.3361940000000000      15.4962000000000000       0.0000000000000000
 2455138.5366699998000000      11.3423000000000000       0.6080540000000000       3.5258799999999999       0.0000000000000000
 2455139.5366699998000000      11.3423000000000000      -0.2345050000000000       0.3818490000000000       0.0000000000000000
 2455140.5366699998000000      10.8148000000000000      -9.8556600000000003     -16.5012000000000010       0.0000000000000000
 2455141.5366699998000000      11.3423000000000000       0.1328170000000000       3.9165600000000000       0.0000000000000000
 2455142.5366699998000000      11.1663999999999990      10.7250000000000000       8.7113700000000005       0.0000000000000000
 2455143.5366699998000000      11.1663999999999990       9.8138000000000005       8.1825299999999999       0.0000000000000000
 2455144.5366699998000000      11.3423000000000000       0.6889890000000000       2.4903200000000001       0.0000000000000000
 2455145.5366699998000000      11.2544000000000000       0.6620110000000000       7.9058999999999999       0.0000000000000000
 2455146.5366699998000000      11.3423000000000000       0.3922260000000000       2.9012300000000000       0.0000000000000000
 2455147.5366699998000000      11.3423000000000000      -0.2033760000000000       3.7556900000000000       0.0000000000000000
 2455148.5366699998000000      11.3423000000000000       0.6869140000000000       3.1108300000000000       0.0000000000000000
 2455149.5366699998000000      11.1663999999999990       1.1932799999999999      11.9372000000000010       0.0000000000000000
 2455150.5366699998000000      11.1663999999999990     -11.1933000000000010      -2.7704800000000001       0.0000000000000000
 2455151.5366699998000000      11.3423000000000000      -0.1369680000000000       5.5933799999999998       0.0000000000000000
 2455152.5366699998000000      11.3423000000000000       0.2075270000000000       0.1701720000000000       0.0000000000000000
 2455153.5366699998000000      11.3423000000000000       0.2614840000000000      -6.5606900000000001       0.0000000000000000
 2455154.5366699998000000      11.3423000000000000       0.6993660000000000       5.7088799999999997       0.0000000000000000
 2455155.5366699998000000      10.9906000000000010       2.0296099999999999      17.8981999999999990       0.0000000000000000
 2455156.5366699998000000      11.3423000000000000       0.4856130000000000       2.1126200000000002       0.0000000000000000
 2455157.5366699998000000      11.0785000000000000       1.9528300000000001     -14.9849999999999990       0.0000000000000000
 2455158.5366699998000000      11.3423000000000000       0.3403440000000000       6.7628100000000000       0.0000000000000000
 2455159.5366699998000000      10.9906000000000010       1.9196200000000001     -17.0452000000000010       0.0000000000000000
 2455160.5366699998000000      11.3423000000000000       0.6371080000000000      -2.3658100000000002       0.0000000000000000
 2455161.5366699998000000      10.9026999999999990       0.0913118000000000     -19.4143000000000010       0.0000000000000000
 2455162.5366699998000000      11.3423000000000000       0.6931400000000000       8.4042300000000001       0.0000000000000000
 2455163.5366699998000000      11.2544000000000000      -0.1390430000000000     -10.3040000000000000       0.0000000000000000
 2455164.5366699998000000      11.2544000000000000      -0.4773120000000000      12.8245000000000000       0.0000000000000000
 2455165.5366699998000000      10.9906000000000010      -0.1369680000000000     -17.8835000000000020       0.0000000000000000
 2455166.5366699998000000      11.1663999999999990      -0.4918390000000000      15.7913000000000000       0.0000000000000000
 2455167.5366699998000000      11.2544000000000000       0.0062258100000000      -8.7947600000000001       0.0000000000000000
 2455168.5366699998000000      11.2544000000000000       0.5125910000000000      10.8389000000000010       0.0000000000000000
 2455169.5366699998000000      11.2544000000000000      -0.2469570000000000      11.6546000000000000       0.0000000000000000
 2455170.5366699998000000      11.2544000000000000       0.5208930000000001      13.6694000000000000       0.0000000000000000
 2455171.5366699998000000      11.2544000000000000      -0.2635590000000000      13.2971000000000000       0.0000000000000000
 2455172.5366699998000000      11.0785000000000000      10.2632999999999990      13.4957999999999990       0.0000000000000000
 2455173.5366699998000000      11.2544000000000000      -0.4835380000000000      10.4382000000000000       0.0000000000000000
 2455174.5366699998000000      11.0785000000000000      16.8426000000000010       3.7948700000000000       0.0000000000000000
 2455175.5366699998000000      11.0785000000000000      15.9514000000000000       4.3043100000000001       0.0000000000000000
 2455176.5366699998000000      11.4301999999999990       0.6371080000000000       2.2537400000000001       0.0000000000000000
 2455177.5366699998000000      11.4301999999999990      -0.3922260000000000       2.2931699999999999       0.0000000000000000
 2455178.5366699998000000      11.0785000000000000       0.0207527000000000     -15.8317999999999990       0.0000000000000000
 2455179.5366699998000000      11.0785000000000000      -0.0892366000000000     -16.8638000000000010       0.0000000000000000
 2455180.5366699998000000      10.9906000000000010       0.4876880000000000     -18.3840000000000000       0.0000000000000000
 2455181.5366699998000000      10.9906000000000010      -0.5623980000000000     -18.1658000000000010       0.0000000000000000
 2455182.5366699998000000      11.1663999999999990       0.4441080000000000     -14.2963000000000000       0.0000000000000000
 2455183.5366699998000000      11.1663999999999990      -0.5022150000000000     -14.7554000000000000       0.0000000000000000
 2455184.5366699998000000      11.2544000000000000      -0.4378820000000000      13.8449000000000010       0.0000000000000000
 2455185.5366699998000000      11.3423000000000000       0.2262040000000000      -9.8199000000000005       0.0000000000000000
 2455186.5366699998000000      11.2544000000000000       0.4586340000000000     -12.0799000000000000       0.0000000000000000
 2455187.5366699998000000      11.2544000000000000      -0.4959890000000000     -12.5139000000000000       0.0000000000000000
 2455188.5366699998000000      11.0785000000000000       0.1348920000000000     -17.2226000000000000       0.0000000000000000
 2455189.5366699998000000      11.0785000000000000      -0.4482580000000000     -17.1339000000000010       0.0000000000000000
 2455190.5366699998000000      11.4301999999999990      -0.3880750000000000      -4.0093800000000002       0.0000000000000000
 2455191.5366699998000000      11.1663999999999990       0.2594090000000000     -15.5425000000000000       0.0000000000000000
 2455192.5366699998000000      11.4301999999999990       0.2241290000000000       3.6752500000000001       0.0000000000000000
 2455193.5366699998000000      11.4301999999999990      -0.4212800000000000       1.2119599999999999       0.0000000000000000
 2455194.5366699998000000      11.3423000000000000      -0.1618710000000000       9.6632800000000003       0.0000000000000000
 2455195.5366699998000000      11.2544000000000000      -0.3195910000000000      13.0348000000000010       0.0000000000000000
 2455196.5366699998000000      11.2544000000000000      -0.4275050000000000      11.7319000000000000       0.0000000000000000
