Time P3114 A5334 A5335 A5016
Sampling rate [day] =  1.00000
Retrieving method =  last
Binning mode =  all
 2457754.5158199998550117      10.8148000000000000      -0.2614840000000000     -11.6748999999999992       0.0000000000000000
 2457755.5158199998550117      10.6388999999999996      -0.0622581000000000     -17.8541999999999987       0.0000000000000000
 2457756.5158199998550117      10.8148000000000000      -0.2054520000000000     -11.8153000000000006       0.0000000000000000
 2457757.5158199998550117      10.7269000000000005      -0.0518817000000000     -15.9339999999999993       0.0000000000000000
 2457758.5158199998550117      10.8148000000000000      -0.1992260000000000     -11.9372000000000007       0.0000000000000000
 2457759.5158199998550117      10.7269000000000005      -0.0498065000000000     -14.9213000000000005       0.0000000000000000
 2457760.5158199998550117      10.8148000000000000      -0.1950750000000000     -12.0838000000000001       0.0000000000000000
 2457761.5158199998550117      10.8148000000000000      -0.0435806000000000     -13.3568999999999996       0.0000000000000000
 2457762.5158199998550117      10.8148000000000000      -0.1971510000000000     -12.1301000000000005       0.0000000000000000
 2457763.5158199998550117      10.8148000000000000      -0.0415054000000000     -11.8734999999999999       0.0000000000000000
 2457764.5158199998550117      10.8148000000000000      -0.1888490000000000     -12.2052999999999994       0.0000000000000000
 2457765.5158199998550117      10.9026999999999994       0.0290538000000000       8.8903599999999994       0.0000000000000000
 2457766.5158199998550117      10.8148000000000000      -0.1930000000000000     -12.2631999999999994       0.0000000000000000
 2457767.5158199998550117      10.6388999999999996      -0.1618710000000000     -18.5270000000000010       0.0000000000000000
 2457768.5158199998550117      10.7269000000000005      -0.2096020000000000     -14.9849999999999994       0.0000000000000000
 2457769.5158199998550117      10.9026999999999994      -0.0041505400000000      -4.3434999999999997       0.0000000000000000
 2457770.5158199998550117      10.7269000000000005      -0.2075270000000000     -14.9908000000000001       0.0000000000000000
 2457771.5158199998550117      10.7269000000000005      -0.1390430000000000     -15.8511000000000006       0.0000000000000000
 2457772.5158199998550117      10.7269000000000005      -0.2075270000000000     -14.9753000000000007       0.0000000000000000
 2457773.5158199998550117      10.7269000000000005       0.0726344000000000      14.9559999999999995       0.0000000000000000
 2457774.5158199998550117      10.7269000000000005      -0.2054520000000000     -14.9464000000000006       0.0000000000000000
 2457775.5158199998550117      10.6388999999999996     -16.5834000000000010      -4.2094399999999998       0.0000000000000000
 2457776.5158199998550117      10.7269000000000005      -0.2075270000000000     -14.8904999999999994       0.0000000000000000
 2457777.5158199998550117      10.9026999999999994      -0.0311290000000000      -4.0341199999999997       0.0000000000000000
 2457778.5158199998550117      10.7269000000000005      -0.2054520000000000     -14.8209999999999997       0.0000000000000000
 2457779.5158199998550117      10.9026999999999994       1.0666899999999999      -9.0083300000000008       0.0000000000000000
 2457780.5158199998550117      10.7269000000000005      -0.2054520000000000     -14.7361000000000004       0.0000000000000000
 2457781.5158199998550117      10.5510000000000002      -0.1245160000000000     -19.6123000000000012       0.0000000000000000
 2457782.5158199998550117      10.7269000000000005      -0.2013010000000000     -14.6300000000000008       0.0000000000000000
 2457783.5158199998550117      10.7269000000000005      -0.1016880000000000     -15.5038999999999998       0.0000000000000000
 2457784.5158199998550117      10.7269000000000005      -0.2013010000000000     -14.5084999999999997       0.0000000000000000
 2457785.5158199998550117      10.8148000000000000      -6.9608100000000004       9.1812199999999997       0.0000000000000000
 2457786.5158199998550117      10.7269000000000005      -0.2033760000000000     -14.3658000000000001       0.0000000000000000
 2457787.5158199998550117      10.9026999999999994       0.0041505400000000      -4.7766299999999999       0.0000000000000000
 2457788.5158199998550117      10.7269000000000005      -0.1846990000000000     -11.8811999999999998       0.0000000000000000
 2457789.5158199998550117      10.9026999999999994      -4.8591300000000004       5.6593799999999996       0.0000000000000000
 2457790.5158199998550117      10.7269000000000005      -0.1992260000000000     -14.0223999999999993       0.0000000000000000
 2457791.5158199998550117      10.9026999999999994      -3.8258100000000002       3.9206900000000000       0.0000000000000000
 2457792.5158199998550117      10.7269000000000005      -0.1846990000000000     -11.6097999999999999       0.0000000000000000
 2457793.5158199998550117      10.5510000000000002       0.0954624000000000      19.2237000000000009       0.0000000000000000
 2457794.5158199998550117      10.7269000000000005      -0.1971510000000000     -13.6114999999999995       0.0000000000000000
 2457795.5158199998550117      10.9026999999999994      -1.7681300000000000       0.4441080000000000       0.0000000000000000
 2457796.5158199998550117      10.7269000000000005      -0.1930000000000000     -13.3878000000000004       0.0000000000000000
 2457797.5158199998550117      10.9026999999999994      -0.7450220000000000      -1.2866700000000000       0.0000000000000000
 2457798.5158199998550117      10.6388999999999996      -0.1411180000000000     -13.1447000000000003       0.0000000000000000
 2457799.5158199998550117      10.9026999999999994       0.2822370000000000      -3.0257399999999999       0.0000000000000000
 2457800.5158199998550117      10.6388999999999996      -0.1390430000000000     -12.8881999999999994       0.0000000000000000
 2457801.5158199998550117      10.9026999999999994       2.7704800000000001       4.1331199999999999       0.0000000000000000
 2457802.5158199998550117      10.7269000000000005      -0.1867740000000000     -12.6239000000000008       0.0000000000000000
 2457803.5158199998550117      10.8148000000000000       0.0373548000000000      11.9949999999999992       0.0000000000000000
 2457804.5158199998550117      10.7269000000000005      -0.1846990000000000     -13.0425000000000004       0.0000000000000000
 2457805.5158199998550117      10.8148000000000000       0.0166022000000000      -8.2211700000000008       0.0000000000000000
 2457806.5158199998550117      10.7269000000000005      -0.1826240000000000     -12.7589000000000006       0.0000000000000000
 2457807.5158199998550117      10.6388999999999996       0.0643333000000000      15.5135000000000005       0.0000000000000000
 2457808.5158199998550117      10.6388999999999996      -0.1805480000000000     -12.4521999999999995       0.0000000000000000
 2457809.5158199998550117      10.6388999999999996       0.0767849000000000      17.3075000000000010       0.0000000000000000
 2457810.5158199998550117      10.5510000000000002      -0.1763980000000000     -12.1301000000000005       0.0000000000000000
 2457811.5158199998550117      10.9026999999999994       0.0103763000000000       6.0141200000000001       0.0000000000000000
 2457812.5158199998550117       0.0000000000000000     -49.9620000000000033     -49.9609999999999985       1.0000000000000000
 2457813.5158199998550117      10.6388999999999996       0.1224410000000000      16.0787000000000013       0.0000000000000000
 2457814.5158199998550117       0.0000000000000000     -49.9620000000000033     -49.9609999999999985       1.0000000000000000
 2457815.5158199998550117      10.8148000000000000       0.0601828000000000      -6.1172500000000003       0.0000000000000000
 2457816.5158199998550117       5.6275899999999996      -0.3652470000000000     -11.0098000000000003       1.0000000000000000
 2457817.5158199998550117      10.4631000000000007       0.1369680000000000      19.1265000000000001       0.0000000000000000
 2457818.5158199998550117      10.8148000000000000      -0.1411180000000000     -10.6620000000000008       1.0000000000000000
 2457819.5158199998550117      10.7269000000000005       0.0352796000000000      11.3270999999999997       0.0000000000000000
 2457820.5158199998550117      11.0785000000000000      -0.1784730000000000     -10.2713999999999999       0.0000000000000000
 2457821.5158199998550117      10.8148000000000000       0.0456559000000000      -6.7751900000000003       0.0000000000000000
 2457822.5158199998550117      10.6388999999999996      -0.2946880000000000     -18.6113000000000000       0.0000000000000000
 2457823.5158199998550117      10.5510000000000002       0.0622581000000000      17.8413000000000004       0.0000000000000000
 2457824.5158199998550117      10.6388999999999996      -0.1992260000000000     -16.7423000000000002       0.0000000000000000
 2457825.5158199998550117      10.8148000000000000      -0.0581075000000000      -7.1588099999999999       0.0000000000000000
 2457826.5158199998550117      10.5510000000000002      -0.1805480000000000     -14.8653999999999993       0.0000000000000000
 2457827.5158199998550117      10.5510000000000002       3.9248099999999999      15.4421999999999997       0.0000000000000000
 2457828.5158199998550117      10.8148000000000000      -0.0996129000000000      -0.1182900000000000       0.0000000000000000
 2457829.5158199998550117      10.5510000000000002       0.0684839000000000     -15.9456000000000007       0.0000000000000000
 2457830.5158199998550117      10.6388999999999996      -0.2614840000000000     -11.1562000000000001       0.0000000000000000
 2457831.5158199998550117      10.5510000000000002      -0.0933871000000000     -14.9329000000000001       0.0000000000000000
 2457832.5158199998550117      10.7269000000000005      -0.2801610000000000      -9.2585099999999994       0.0000000000000000
 2457833.5158199998550117      10.4631000000000007       0.0684839000000000     -18.2776999999999994       0.0000000000000000
 2457834.5158199998550117      10.7269000000000005      -0.3341180000000000      -7.3753700000000002       0.0000000000000000
 2457835.5158199998550117      10.6388999999999996       0.0083010800000000     -11.0891000000000002       0.0000000000000000
 2457836.5158199998550117      10.7269000000000005      -0.2220540000000000      -5.4861199999999997       0.0000000000000000
 2457837.5158199998550117      10.6388999999999996      -0.0020752700000000     -13.0269999999999992       0.0000000000000000
 2457838.5158199998550117      10.7269000000000005      -0.0975376000000000      -3.6192700000000002       0.0000000000000000
 2457839.5158199998550117      10.5510000000000002       9.6490399999999994      11.8030000000000008       0.0000000000000000
 2457840.5158199998550117      10.7269000000000005      -0.1162150000000000      -1.7556799999999999       0.0000000000000000
 2457841.5158199998550117      10.7269000000000005       0.1016880000000000      -5.5294400000000001       0.0000000000000000
 2457842.5158199998550117       0.0000000000000000     -49.9620000000000033     -49.9609999999999985       1.0000000000000000
 2457843.5158199998550117      10.8148000000000000       0.0892366000000000      -0.4980650000000000       0.0000000000000000
 2457844.5158199998550117      10.7269000000000005      -0.1348920000000000      -2.2246899999999998       0.0000000000000000
 2457845.5158199998550117      10.7269000000000005      -0.0601828000000000       7.7672499999999998       0.0000000000000000
 2457846.5158199998550117      10.7269000000000005      -0.1826240000000000      -4.2898800000000001       0.0000000000000000
 2457847.5158199998550117      10.7269000000000005      -0.1597960000000000      -7.7960700000000003       0.0000000000000000
 2457848.5158199998550117      10.7269000000000005      -0.3112900000000000      -3.7866200000000001       0.0000000000000000
 2457849.5158199998550117      10.2873000000000001      17.0259000000000000      -8.9961300000000008       0.0000000000000000
 2457850.5158199998550117      10.7269000000000005      -0.3735480000000000       7.5754400000000004       0.0000000000000000
 2457851.5158199998550117      10.7269000000000005      -4.7188699999999999       5.5644999999999998       0.0000000000000000
 2457852.5158199998550117      10.6388999999999996      -0.0269785000000000       8.3188099999999991       0.0000000000000000
 2457853.5158199998550117      10.7269000000000005      -0.0830108000000000       6.2451200000000000       0.0000000000000000
 2457854.5158199998550117      10.6388999999999996      -0.0228280000000000      10.1433000000000000       0.0000000000000000
 2457855.5158199998550117      10.5510000000000002      -4.3084400000000000      10.5684000000000005       0.0000000000000000
 2457856.5158199998550117      10.5510000000000002      -0.0518817000000000      11.9718999999999998       0.0000000000000000
 2457857.5158199998550117      10.4631000000000007      -4.7766299999999999      15.2782000000000000       0.0000000000000000
 2457858.5158199998550117      10.4631000000000007      -0.0290538000000000      14.9425000000000008       0.0000000000000000
 2457859.5158199998550117      10.2873000000000001       0.1079140000000000      19.4327000000000005       0.0000000000000000
 2457860.5158199998550117      10.3751999999999995      -0.0850860000000000      16.7885999999999989       0.0000000000000000
 2457861.5158199998550117      10.7269000000000005       0.2552580000000000       4.8467500000000001       0.0000000000000000
 2457862.5158199998550117      10.6388999999999996      -0.9276450000000001       4.6322500000000000       0.0000000000000000
 2457863.5158199998550117      10.3751999999999995      -0.0913118000000000     -16.6863999999999990       0.0000000000000000
 2457864.5158199998550117      10.6388999999999996      -0.3943010000000000       6.5235599999999998       0.0000000000000000
 2457865.5158199998550117      10.5510000000000002      -0.1162150000000000     -11.1013000000000002       0.0000000000000000
 2457866.5158199998550117      10.6388999999999996       0.1431940000000000       8.4286399999999997       0.0000000000000000
 2457867.5158199998550117      10.2873000000000001      -0.1058390000000000      18.2190000000000012       0.0000000000000000
 2457868.5158199998550117      10.5510000000000002       0.6537100000000000      10.2857000000000003       0.0000000000000000
 2457869.5158199998550117      10.2873000000000001      -0.0560323000000000     -17.6524999999999999       0.0000000000000000
 2457870.5158199998550117      10.6388999999999996      -0.3860000000000000      -5.4077500000000001       0.0000000000000000
 2457871.5158199998550117      10.3751999999999995      -0.0871613000000000     -15.6331000000000007       0.0000000000000000
 2457872.5158199998550117      10.6388999999999996      -0.4088280000000000       6.3379399999999997       0.0000000000000000
 2457873.5158199998550117      10.3751999999999995      -0.1328170000000000     -15.5366999999999997       0.0000000000000000
 2457874.5158199998550117      10.6388999999999996      -0.3029890000000000      -2.4342899999999998       0.0000000000000000
 2457875.5158199998550117      10.6388999999999996      -0.1971510000000000       4.8364399999999996       0.0000000000000000
 2457876.5158199998550117      10.1992999999999991      -8.9772499999999997     -15.6060999999999996       0.0000000000000000
 2457877.5158199998550117      10.2873000000000001      -0.1016880000000000      16.8599999999999994       0.0000000000000000
 2457878.5158199998550117      10.6388999999999996       0.7927530000000000       5.9213100000000001       0.0000000000000000
 2457879.5158199998550117      10.6388999999999996      -0.1618710000000000       6.1585000000000001       0.0000000000000000
 2457880.5158199998550117      10.3751999999999995      -6.9422499999999996     -12.2207000000000008       0.0000000000000000
 2457881.5158199998550117      10.1113999999999997       5.0468099999999998     -19.0183000000000000       0.0000000000000000
 2457882.5158199998550117      10.1992999999999991      -0.7740750000000000     -18.2977999999999987       0.0000000000000000
 2457883.5158199998550117      10.1992999999999991       4.7333100000000004     -17.1185000000000009       0.0000000000000000
 2457884.5158199998550117      10.1992999999999991      -0.7657740000000000     -18.6883000000000017       0.0000000000000000
 2457885.5158199998550117      10.4631000000000007       0.1182900000000000      10.9710999999999999       0.0000000000000000
 2457886.5158199998550117      10.2873000000000001      -0.0373548000000000     -15.1721000000000004       0.0000000000000000
 2457887.5158199998550117      10.3751999999999995       0.1805480000000000      15.6870999999999992       0.0000000000000000
 2457888.5158199998550117      10.6388999999999996      -0.1888490000000000       2.1167699999999998       0.0000000000000000
 2457889.5158199998550117      10.4631000000000007       3.8361200000000002     -11.4207000000000001       0.0000000000000000
 2457890.5158199998550117       9.8476700000000008     -16.8735999999999997      16.8561000000000014       0.0000000000000000
 2457891.5158199998550117       9.8476700000000008     -17.6817999999999991      16.2678000000000011       0.0000000000000000
 2457892.5158199998550117      10.3751999999999995      -0.6931400000000000     -13.3491999999999997       0.0000000000000000
 2457893.5158199998550117      10.3751999999999995      -0.0352796000000000      13.1639999999999997       0.0000000000000000
 2457894.5158199998550117      10.5510000000000002       0.5167420000000000      -3.9268800000000001       0.0000000000000000
 2457895.5158199998550117      10.5510000000000002      -0.2282800000000000      -4.5724400000000003       0.0000000000000000
 2457896.5158199998550117      10.5510000000000002       0.0871613000000000      -4.7353699999999996       0.0000000000000000
 2457897.5158199998550117      10.1113999999999997      -0.8757630000000000     -18.2208000000000006       0.0000000000000000
 2457898.5158199998550117      10.5510000000000002      -0.1079140000000000       8.4530499999999993       0.0000000000000000
 2457899.5158199998550117      10.5510000000000002      -6.9401900000000003       1.0272600000000001       0.0000000000000000
 2457900.5158199998550117      10.1992999999999991       0.6059780000000000     -18.0467000000000013       0.0000000000000000
 2457901.5158199998550117      10.3751999999999995      -0.0913118000000000     -11.2803000000000004       0.0000000000000000
 2457902.5158199998550117      10.3751999999999995      -0.6495590000000000     -10.8939000000000004       0.0000000000000000
 2457903.5158199998550117      10.2873000000000001      -0.1846990000000000     -14.6068999999999996       0.0000000000000000
 2457904.5158199998550117      10.5510000000000002       0.3818490000000000       4.0341199999999997       0.0000000000000000
 2457905.5158199998550117      10.1113999999999997       0.1037630000000000      19.1778000000000013       0.0000000000000000
 2457906.5158199998550117      10.1113999999999997      -0.5831510000000000     -17.9512999999999998       0.0000000000000000
 2457907.5158199998550117      10.1992999999999991       0.1328170000000000     -17.2438000000000002       0.0000000000000000
 2457908.5158199998550117      10.1113999999999997       0.5706990000000000     -18.3784999999999989       0.0000000000000000
 2457909.5158199998550117      10.4631000000000007      -0.0643333000000000      -8.4896600000000007       0.0000000000000000
 2457910.5158199998550117      10.2873000000000001      -0.0809355000000000     -13.7504000000000008       0.0000000000000000
 2457911.5158199998550117      10.1992999999999991      -0.0186774000000000     -15.6677999999999997       0.0000000000000000
 2457912.5158199998550117      10.5510000000000002      -0.5852260000000000      -5.2963699999999996       0.0000000000000000
 2457913.5158199998550117      10.3751999999999995       0.0000000000000000      11.3983000000000008       0.0000000000000000
 2457914.5158199998550117      10.2873000000000001       1.2825200000000001     -15.3880999999999997       0.0000000000000000
 2457915.5158199998550117      10.2873000000000001      -0.2116770000000000     -13.4090000000000007       0.0000000000000000
 2457916.5158199998550117      10.5510000000000002      -0.5748490000000001      -4.3331900000000001       0.0000000000000000
 2457917.5158199998550117      10.0235000000000003      18.3748000000000005       6.3503100000000003       0.0000000000000000
 2457918.5158199998550117      10.3751999999999995      -8.9150799999999997      -3.4843799999999998       0.0000000000000000
 2457919.5158199998550117      10.3751999999999995      -9.8436299999999992      -3.7701199999999999       0.0000000000000000
 2457920.5158199998550117      10.4631000000000007      -0.8882150000000000      -6.1873800000000001       0.0000000000000000
 2457921.5158199998550117      10.2873000000000001      11.8638999999999992       6.6184399999999997       0.0000000000000000
 2457922.5158199998550117      10.1992999999999991      -1.5792800000000000     -15.4941999999999993       0.0000000000000000
 2457923.5158199998550117      10.2873000000000001      -0.3818490000000000     -14.3483999999999998       0.0000000000000000
 2457924.5158199998550117      10.4631000000000007      -4.8983100000000004      -4.9581299999999997       0.0000000000000000
 2457925.5158199998550117      10.4631000000000007      -5.8429399999999996      -5.2303699999999997       0.0000000000000000
 2457926.5158199998550117      10.0235000000000003       0.4171290000000000     -18.9542000000000002       0.0000000000000000
 2457927.5158199998550117      10.1113999999999997       0.1639460000000000     -18.6589999999999989       0.0000000000000000
 2457928.5158199998550117      10.1113999999999997       0.4129790000000000     -17.7276999999999987       0.0000000000000000
 2457929.5158199998550117      10.4631000000000007      -0.2365810000000000       5.2159399999999998       0.0000000000000000
 2457930.5158199998550117      10.5510000000000002      -0.0518817000000000      -0.6578600000000000       0.0000000000000000
 2457931.5158199998550117      10.4631000000000007       0.1950750000000000       6.0368100000000000       0.0000000000000000
 2457932.5158199998550117      10.2873000000000001     -13.4549000000000003       2.0794199999999998       0.0000000000000000
 2457933.5158199998550117      10.1992999999999991     -14.3431999999999995       1.6892700000000000       0.0000000000000000
 2457934.5158199998550117      10.4631000000000007      -0.4939140000000000      -8.9290099999999999       0.0000000000000000
 2457935.5158199998550117      10.4631000000000007       0.2428060000000000      -8.2862600000000004       0.0000000000000000
 2457936.5158199998550117      10.5510000000000002      -0.5354190000000000       0.9151940000000000       0.0000000000000000
 2457937.5158199998550117      10.4631000000000007       0.1141400000000000       5.4861199999999997       0.0000000000000000
 2457938.5158199998550117      10.5510000000000002      -0.5333440000000000       1.6104099999999999       0.0000000000000000
 2457939.5158199998550117      10.1992999999999991       0.0228280000000000     -14.9946000000000002       0.0000000000000000
 2457940.5158199998550117      10.3751999999999995       4.0134999999999996      12.3171999999999997       0.0000000000000000
 2457941.5158199998550117      10.2873000000000001       4.2651199999999996      13.2507999999999999       0.0000000000000000
 2457942.5158199998550117      10.5510000000000002      -0.5167420000000000       3.0029100000000000       0.0000000000000000
 2457943.5158199998550117      10.1113999999999997      17.8395000000000010      -2.3097699999999999       0.0000000000000000
 2457944.5158199998550117      10.5510000000000002       0.0975376000000000       4.1372499999999999       0.0000000000000000
 2457945.5158199998550117      10.4631000000000007       4.1207500000000001       5.0591900000000001       0.0000000000000000
 2457946.5158199998550117      10.5510000000000002      -0.5063660000000000       4.3703099999999999       0.0000000000000000
 2457947.5158199998550117      10.1113999999999997       0.0747097000000000      17.7807999999999993       0.0000000000000000
 2457948.5158199998550117      10.3751999999999995      -0.4586340000000000      12.0123999999999995       0.0000000000000000
 2457949.5158199998550117      10.1113999999999997       0.1805480000000000      18.8312999999999988       0.0000000000000000
 2457950.5158199998550117      10.4631000000000007       2.2890199999999998       9.3073300000000003       0.0000000000000000
 2457951.5158199998550117      10.4631000000000007      -0.0415054000000000      -4.9560599999999999       0.0000000000000000
 2457952.5158199998550117      10.4631000000000007       0.1826240000000000       6.2430599999999998       0.0000000000000000
 2457953.5158199998550117      10.5510000000000002      -0.0124516000000000       5.2943100000000003       0.0000000000000000
 2457954.5158199998550117      10.0235000000000003     -14.8866999999999994     -13.7889999999999997       0.0000000000000000
 2457955.5158199998550117      10.5510000000000002      -0.4669350000000000      -2.2309100000000002       0.0000000000000000
 2457956.5158199998550117      10.2873000000000001      -0.4503330000000000      13.7889999999999997       0.0000000000000000
 2457957.5158199998550117      10.5510000000000002       0.2116770000000000       1.9113199999999999       0.0000000000000000
 2457958.5158199998550117      10.2873000000000001      -6.7277500000000003      13.7408000000000001       0.0000000000000000
 2457959.5158199998550117      10.1113999999999997      -0.1369680000000000      18.4005000000000010       0.0000000000000000
 2457960.5158199998550117      10.2873000000000001     -12.5724999999999998      -6.2822500000000003       0.0000000000000000
 2457961.5158199998550117      10.4631000000000007       0.2780860000000000      -6.6658700000000000       0.0000000000000000
 2457962.5158199998550117      10.0235000000000003      18.9046999999999983       7.1340599999999998       0.0000000000000000
 2457963.5158199998550117      10.1113999999999997      17.9862000000000002       6.7545599999999997       0.0000000000000000
 2457964.5158199998550117      10.1113999999999997      17.0818000000000012       6.4101200000000000       0.0000000000000000
 2457965.5158199998550117      10.1992999999999991      16.1366000000000014       6.0821899999999998       0.0000000000000000
 2457966.5158199998550117      10.4631000000000007       0.3071400000000000       9.0205400000000004       0.0000000000000000
 2457967.5158199998550117      10.5510000000000002       0.2199780000000000       6.3276199999999996       0.0000000000000000
 2457968.5158199998550117      10.3751999999999995      -0.4420320000000000      11.9255999999999993       0.0000000000000000
 2457969.5158199998550117      10.4631000000000007      -7.0268100000000002       0.1203660000000000       0.0000000000000000
 2457970.5158199998550117      10.5510000000000002      -0.4586340000000000       0.6703120000000000       0.0000000000000000
 2457971.5158199998550117      10.5510000000000002      -5.4820000000000002      -1.0085800000000000       0.0000000000000000
 2457972.5158199998550117       9.9355899999999995      11.1806000000000001     -19.7462000000000018       0.0000000000000000
 2457973.5158199998550117      10.1992999999999991       0.7720000000000000      16.7635000000000005       0.0000000000000000
 2457974.5158199998550117      10.3751999999999995       0.4897630000000000      12.4136000000000006       0.0000000000000000
 2457975.5158199998550117      10.5510000000000002      -2.4073099999999998      -3.2644000000000002       0.0000000000000000
 2457976.5158199998550117      10.4631000000000007      -8.3555499999999991       6.6926899999999998       0.0000000000000000
 2457977.5158199998550117      10.5510000000000002      -0.8612370000000000      -4.3950600000000000       0.0000000000000000
 2457978.5158199998550117      10.1992999999999991       1.4962700000000000     -17.8835000000000015       0.0000000000000000
 2457979.5158199998550117      10.1113999999999997      -0.0705591000000000     -18.9707000000000008       0.0000000000000000
 2457980.5158199998550117      10.2873000000000001      -1.5855100000000000     -15.9590999999999994       0.0000000000000000
 2457981.5158199998550117      10.5510000000000002      -0.3361940000000000      -3.6896900000000001       0.0000000000000000
 2457982.5158199998550117      10.3751999999999995      -1.6768200000000000     -14.0533000000000001       0.0000000000000000
 2457983.5158199998550117      10.5510000000000002       0.4275050000000000       2.7435100000000001       0.0000000000000000
 2457984.5158199998550117      10.2873000000000001      -0.3901510000000000     -16.5533000000000001       0.0000000000000000
 2457985.5158199998550117      10.5510000000000002       8.5913599999999999      -1.7556799999999999       0.0000000000000000
 2457986.5158199998550117      10.1992999999999991      -0.0332043000000000     -18.4664999999999999       0.0000000000000000
 2457987.5158199998550117      10.6388999999999996       0.4856130000000000       1.0480100000000001       0.0000000000000000
 2457988.5158199998550117      10.1992999999999991       0.1660220000000000     -17.9072999999999993       0.0000000000000000
 2457989.5158199998550117      10.1113999999999997      -0.2137530000000000     -19.2860000000000014       0.0000000000000000
 2457990.5158199998550117      10.1992999999999991       0.1058390000000000     -18.5599999999999987       0.0000000000000000
 2457991.5158199998550117      10.2873000000000001       0.1079140000000000     -15.3573000000000004       0.0000000000000000
 2457992.5158199998550117      10.6388999999999996       0.2697850000000000      -3.6503999999999999       0.0000000000000000
 2457993.5158199998550117      10.6388999999999996      -0.2905380000000000      -2.9634800000000001       0.0000000000000000
 2457994.5158199998550117      10.2873000000000001      10.8389000000000006     -13.8005999999999993       0.0000000000000000
 2457995.5158199998550117      10.2873000000000001      -9.0795300000000001     -13.0868000000000002       0.0000000000000000
 2457996.5158199998550117      10.2873000000000001       0.3797740000000000     -15.8857999999999997       0.0000000000000000
 2457997.5158199998550117      10.2873000000000001      -0.6288060000000000     -15.8955000000000002       0.0000000000000000
 2457998.5158199998550117      10.2873000000000001       0.3776990000000000     -15.9090000000000007       0.0000000000000000
 2457999.5158199998550117      10.2873000000000001      -0.6329570000000000     -15.9070000000000000       0.0000000000000000
 2458000.5158199998550117      10.6388999999999996       0.7263440000000000       2.8265199999999999       0.0000000000000000
 2458001.5158199998550117      10.1992999999999991      -0.0643333000000000     -18.9780000000000015       0.0000000000000000
 2458002.5158199998550117      10.3751999999999995      -2.3658100000000002     -14.4390999999999998       0.0000000000000000
 2458003.5158199998550117      10.6388999999999996      -0.2739350000000000       6.8906900000000002       0.0000000000000000
 2458004.5158199998550117      10.2873000000000001      -0.2677100000000000      17.4097000000000008       0.0000000000000000
 2458005.5158199998550117      10.3751999999999995      -0.0415054000000000     -15.1199999999999992       0.0000000000000000
 2458006.5158199998550117      10.6388999999999996      -0.2614840000000000      -5.1148699999999998       0.0000000000000000
 2458007.5158199998550117      10.6388999999999996       0.2884620000000000      -4.3063799999999999       0.0000000000000000
 2458008.5158199998550117      10.5510000000000002       0.3278920000000000      10.7615999999999996       0.0000000000000000
 2458009.5158199998550117      10.6388999999999996       1.2804400000000000      -6.4967499999999996       0.0000000000000000
 2458010.5158199998550117      10.5510000000000002       0.3361940000000000      12.3152000000000008       0.0000000000000000
 2458011.5158199998550117      10.4631000000000007      -0.2718600000000000      13.0753000000000004       0.0000000000000000
 2458012.5158199998550117      10.2873000000000001       0.0352796000000000     -16.9429000000000016       0.0000000000000000
 2458013.5158199998550117      10.3751999999999995       5.4675599999999998      16.1635999999999989       0.0000000000000000
 2458014.5158199998550117      10.6388999999999996       0.4503330000000000      -1.1040399999999999       0.0000000000000000
 2458015.5158199998550117      10.4631000000000007       0.1348920000000000     -14.4892000000000003       0.0000000000000000
 2458016.5158199998550117      10.7269000000000005      -0.2033760000000000       3.0112100000000002       0.0000000000000000
 2458017.5158199998550117      10.6388999999999996       0.3486450000000000       3.8258100000000002       0.0000000000000000
 2458018.5158199998550117      10.2873000000000001      -0.3486450000000000     -18.5691999999999986       0.0000000000000000
 2458019.5158199998550117      10.7269000000000005       0.0332043000000000      -1.5294700000000001       0.0000000000000000
 2458020.5158199998550117      10.2873000000000001      -8.6022200000000009     -15.0737000000000005       0.0000000000000000
 2458021.5158199998550117      10.2873000000000001      -9.5969499999999996     -15.0061999999999998       0.0000000000000000
 2458022.5158199998550117      10.4631000000000007      -0.4399570000000000     -14.6685999999999996       0.0000000000000000
 2458023.5158199998550117      10.5510000000000002       0.4897630000000000     -12.7840000000000007       0.0000000000000000
 2458024.5158199998550117      10.6388999999999996       0.3610970000000000      -6.0656900000000000       0.0000000000000000
 2458025.5158199998550117      10.5510000000000002      -0.0373548000000000     -12.7820999999999998       0.0000000000000000
 2458026.5158199998550117      10.3751999999999995       0.3465700000000000     -16.2735999999999983       0.0000000000000000
 2458027.5158199998550117      10.3751999999999995      -0.5976770000000000     -15.8955000000000002       0.0000000000000000
 2458028.5158199998550117      10.3751999999999995      -8.6222799999999999     -15.7161000000000008       0.0000000000000000
 2458029.5158199998550117      10.4631000000000007       0.5852260000000000      15.0699000000000005       0.0000000000000000
 2458030.5158199998550117      10.5510000000000002      -0.1328170000000000      14.3908000000000005       0.0000000000000000
 2458031.5158199998550117      10.4631000000000007       0.4565590000000000      15.1990999999999996       0.0000000000000000
 2458032.5158199998550117      10.4631000000000007      -0.9400970000000000      15.8087000000000000       0.0000000000000000
 2458033.5158199998550117      10.4631000000000007      -0.8280320000000000      16.5880000000000010       0.0000000000000000
 2458034.5158199998550117      10.4631000000000007      -1.3655299999999999      17.4791999999999987       0.0000000000000000
 2458035.5158199998550117      10.3751999999999995       0.1494190000000000      19.0532000000000004       0.0000000000000000
 2458036.5158199998550117      10.7269000000000005       0.3361940000000000      -3.4885299999999999       0.0000000000000000
 2458037.5158199998550117      10.5510000000000002     -10.7361000000000004      -4.4136199999999999       0.0000000000000000
 2458038.5158199998550117      10.7269000000000005      -0.2116770000000000      -2.2350599999999998       0.0000000000000000
 2458039.5158199998550117      10.2873000000000001      -8.6343099999999993      19.3777000000000008       0.0000000000000000
 2458040.5158199998550117      10.5510000000000002       0.1182900000000000     -13.2199000000000009       0.0000000000000000
 2458041.5158199998550117      10.7269000000000005      -0.6433330000000000      -1.0417900000000000       0.0000000000000000
 2458042.5158199998550117      10.5510000000000002      -0.1618710000000000      14.9367999999999999       0.0000000000000000
 2458043.5158199998550117      10.7269000000000005      -0.6454090000000000      -3.8876900000000001       0.0000000000000000
 2458044.5158199998550117      10.6388999999999996       0.0498065000000000      13.5691000000000006       0.0000000000000000
 2458045.5158199998550117      10.4631000000000007      -0.4005270000000000      18.5031999999999996       0.0000000000000000
 2458046.5158199998550117      10.4631000000000007       0.2635590000000000     -15.9379000000000008       0.0000000000000000
 2458047.5158199998550117      10.4631000000000007      -0.7470970000000000     -16.0921999999999983       0.0000000000000000
 2458048.5158199998550117      10.7269000000000005       0.0186774000000000       6.6555600000000004       0.0000000000000000
 2458049.5158199998550117      10.5510000000000002       0.5333440000000000     -14.9309999999999992       0.0000000000000000
 2458050.5158199998550117      10.3751999999999995       0.0435806000000000      19.5115000000000016       0.0000000000000000
 2458051.5158199998550117      10.7269000000000005       5.0303100000000001      -0.0913118000000000       0.0000000000000000
 2458052.5158199998550117      10.8148000000000000       0.3278920000000000      -3.4283399999999999       0.0000000000000000
 2458053.5158199998550117      10.8148000000000000      -0.6620110000000000      -3.9227500000000002       0.0000000000000000
 2458054.5158199998550117      10.6388999999999996      11.3556000000000008       7.8835300000000004       0.0000000000000000
 2458055.5158199998550117      10.6388999999999996      -0.6910650000000000      13.6231000000000009       0.0000000000000000
 2458056.5158199998550117      10.5510000000000002       8.8476499999999998      14.8519000000000005       0.0000000000000000
 2458057.5158199998550117      10.5510000000000002      -0.6682370000000000     -14.3002000000000002       0.0000000000000000
 2458058.5158199998550117      10.6388999999999996       0.2635590000000000     -13.8739000000000008       0.0000000000000000
 2458059.5158199998550117      10.8148000000000000       5.3541299999999996      -1.8822700000000001       0.0000000000000000
 2458060.5158199998550117      10.6388999999999996       0.1431940000000000      13.7253000000000007       0.0000000000000000
 2458061.5158199998550117      10.8148000000000000       3.6068199999999999      -1.0148100000000000       0.0000000000000000
 2458062.5158199998550117      10.7269000000000005      -0.2946880000000000      -8.3391500000000001       0.0000000000000000
 2458063.5158199998550117      10.3751999999999995      -5.2839999999999998     -18.8808000000000007       0.0000000000000000
 2458064.5158199998550117      10.4631000000000007       0.2096020000000000     -18.1162999999999990       0.0000000000000000
 2458065.5158199998550117      10.4631000000000007      -0.8259570000000001     -18.1677000000000000       0.0000000000000000
 2458066.5158199998550117      10.8148000000000000      -0.2635590000000000      -5.5954400000000000       0.0000000000000000
 2458067.5158199998550117      10.4631000000000007       0.2241290000000000     -18.9175000000000004       0.0000000000000000
 2458068.5158199998550117      10.5510000000000002      -0.1058390000000000     -15.5000000000000000       0.0000000000000000
 2458069.5158199998550117      10.6388999999999996       0.0186774000000000     -14.5220000000000002       0.0000000000000000
 2458070.5158199998550117      10.5510000000000002      -0.1390430000000000      16.8079000000000001       0.0000000000000000
 2458071.5158199998550117      10.5510000000000002       5.3561899999999998     -16.2272999999999996       0.0000000000000000
 2458072.5158199998550117      10.5510000000000002      -0.1203660000000000      16.5089000000000006       0.0000000000000000
 2458073.5158199998550117      10.7269000000000005       0.2718600000000000      -9.3114000000000008       0.0000000000000000
 2458074.5158199998550117      10.7269000000000005       0.0498065000000000      12.6373999999999995       0.0000000000000000
 2458075.5158199998550117      10.8148000000000000       0.5893760000000000       8.9066299999999998       0.0000000000000000
 2458076.5158199998550117      10.8148000000000000      -1.7017199999999999       3.0548000000000002       0.0000000000000000
 2458077.5158199998550117      10.8148000000000000       0.5603230000000000       1.8303900000000000       0.0000000000000000
 2458078.5158199998550117      10.8148000000000000      -0.2345050000000000       0.2573330000000000       0.0000000000000000
 2458079.5158199998550117      10.6388999999999996       9.7222700000000000     -10.6864000000000008       0.0000000000000000
 2458080.5158199998550117      10.6388999999999996      -0.0767849000000000     -14.1729000000000003       0.0000000000000000
 2458081.5158199998550117      10.7269000000000005      -0.0975376000000000      -8.9757899999999999       0.0000000000000000
 2458082.5158199998550117      10.7269000000000005       0.0560323000000000     -10.2042999999999999       0.0000000000000000
 2458083.5158199998550117      10.6388999999999996       0.3901510000000000     -14.8191000000000006       0.0000000000000000
 2458084.5158199998550117      10.8148000000000000      -0.1016880000000000      10.2979000000000003       0.0000000000000000
 2458085.5158199998550117      10.6388999999999996       1.1144200000000000      16.4954000000000001       0.0000000000000000
 2458086.5158199998550117      10.8148000000000000      -0.0415054000000000      -8.1276100000000007       0.0000000000000000
 2458087.5158199998550117      10.8148000000000000       1.0791400000000000      -7.1856299999999997       0.0000000000000000
 2458088.5158199998550117      10.8148000000000000      -0.1182900000000000      10.0660000000000007       0.0000000000000000
 2458089.5158199998550117      10.7269000000000005      -0.7097420000000000     -11.3026999999999997       0.0000000000000000
 2458090.5158199998550117      10.5510000000000002       0.1120650000000000      17.9312000000000005       0.0000000000000000
 2458091.5158199998550117      10.8148000000000000       1.4360900000000001      -5.5315000000000003       0.0000000000000000
 2458092.5158199998550117      10.5510000000000002       0.1224410000000000      18.1640000000000015       0.0000000000000000
 2458093.5158199998550117      10.7269000000000005      -0.3029890000000000     -11.0281000000000002       0.0000000000000000
 2458094.5158199998550117      10.9026999999999994       0.3818490000000000       1.0148100000000000       0.0000000000000000
 2458095.5158199998550117      10.7269000000000005      -0.3050650000000000     -11.3962000000000003       0.0000000000000000
 2458096.5158199998550117      10.9026999999999994      -1.5668299999999999       1.5606000000000000       0.0000000000000000
 2458097.5158199998550117      10.7269000000000005      -0.3092150000000000     -11.7318999999999996       0.0000000000000000
 2458098.5158199998550117      10.7269000000000005      -0.1577200000000000     -11.2172999999999998       0.0000000000000000
 2458099.5158199998550117      10.7269000000000005      -0.2511080000000000     -12.0760000000000005       0.0000000000000000
 2458100.5158199998550117      10.7269000000000005      -0.0498065000000000     -13.5131999999999994       0.0000000000000000
 2458101.5158199998550117      10.7269000000000005      -0.2033760000000000     -12.3942999999999994       0.0000000000000000
 2458102.5158199998550117      10.8148000000000000      -1.2078100000000001       7.6414400000000002       0.0000000000000000
 2458103.5158199998550117      10.7269000000000005      -0.1992260000000000     -12.6778999999999993       0.0000000000000000
 2458104.5158199998550117      10.6388999999999996       0.0684839000000000     -15.5192999999999994       0.0000000000000000
 2458105.5158199998550117      10.7269000000000005      -0.2033760000000000     -12.9557000000000002       0.0000000000000000
 2458106.5158199998550117      10.8148000000000000       9.9927899999999994       3.2270400000000001       0.0000000000000000
 2458107.5158199998550117      10.7269000000000005      -0.2013010000000000     -13.2006999999999994       0.0000000000000000
 2458108.5158199998550117      10.5510000000000002      -0.1224410000000000     -19.2639999999999993       0.0000000000000000
 2458109.5158199998550117      10.7269000000000005      -0.2013010000000000     -13.4418000000000006       0.0000000000000000
 2458110.5158199998550117      10.9026999999999994      -0.0062258100000000       0.0498065000000000       0.0000000000000000
 2458111.5158199998550117      10.7269000000000005      -0.1805480000000000     -13.6654999999999998       0.0000000000000000
 2458112.5158199998550117      10.9026999999999994       1.2659100000000001      -2.2205400000000002       0.0000000000000000
 2458113.5158199998550117      10.6388999999999996      -0.2054520000000000     -13.8739000000000008       0.0000000000000000
 2458114.5158199998550117      10.6388999999999996      -0.0664086000000000     -14.6821000000000002       0.0000000000000000
 2458115.5158199998550117      10.6388999999999996      -0.2054520000000000     -14.0725999999999996       0.0000000000000000
 2458116.5158199998550117      10.4631000000000007      13.1814000000000000      16.5493999999999986       0.0000000000000000
 2458117.5158199998550117      10.6388999999999996      -0.2096020000000000     -14.2520000000000007       0.0000000000000000
 2458118.5158199998550117      10.7269000000000005      -0.3569460000000000     -12.2766999999999999       0.0000000000000000
